24
11
55
15
9
15
40
20
11
5
14
26
22
7
18
22
21
57
25
19
21
27
20
31
20
11
11
22
19
11
31
22
17
25
19
24
23
22
29
14
3
29
18
11
5
9
9
12
3
16
46
30
39
19
38
39
9
14
5
10
14
12
21
11
16
35
29
23
31
15
18
27
29
11
5
37
20
20
4
51
20
14
19
39
12
4
10
28
11
21
9
21
11
30
58
48
44
23
10
30
29
20
40
14
7
10
6
13
30
13
7
14
19
21
9
10
19
14
13
11
10
26
14
19
4
34
37
24
41
31
38
24
32
27
27
23
9
20
20
16
18
29
22
31
14
24
14
6
9
16
15
34
28
4
8
13
53
5
14
4
10
12
11
22
25
19
16
11
5
5
8
7
8
6
4
36
12
26
27
6
13
25
42
30
64
31
34
19
45
57
11
27
5
22
12
26
23
34
23
15
40
5
34
20
20
14
28
14
7
23
16
14
17
21
38
12
17
25
24
13
15
14
33
16
30
55
29
39
18
47
12
42
35
37
10
22
36
57
48
39
26
29
44
36
26
34
43
23
1
25
41
5
8
16
13
11
4
23
31
26
26
25
28
31
24
31
39
40
3
37
24
21
18
13
13
21
24
27
26
9
15
15
4
11
51
25
29
24
28
23
14
26
11
5
13
10
19
11
11
23
12
2
5
11
31
33
17
26
14
40
26
42
7
19
4
23
15
22
2
21
25
10
17
4
7
29
41
15
24
22
8
13
26
27
19
6
24
8
8
28
16
4
14
8
6
38
4
26
8
8
4
19
19
2
24
11
70
33
34
37
34
15
34
27
28
11
32
13
13
43
27
9
15
13
19
17
26
10
20
19
20
8
48
31
31
43
10
8
34
36
28
19
8
14
13
5
22
35
24
16
20
5
21
12
19
32
30
40
27
26
26
27
17
20
36
18
3
20
17
32
6
27
21
42
11
10
22
6
24
