11
14
11
49
6
51
63
54
63
54
11
11
21
29
15
40
33
11
19
19
31
22
11
54
54
51
30
31
31
51
11
34
11
22
28
11
51
30
11
52
50
23
11
28
31
50
11
11
6
11
11
11
51
11
6
6
6
11
6
11
11
11
28
54
55
54
54
51
51
11
51
31
11
6
11
11
11
11
11
11
11
54
8
11
6
11
11
11
11
11
11
23
11
31
49
31
31
51
31
51
30
8
38
11
11
11
11
11
11
6
51
51
38
11
11
11
11
6
11
6
6
6
11
51
11
49
59
50
49
51
57
34
31
11
52
50
11
11
12
50
11
11
11
6
11
11
11
11
11
11
6
11
6
6
11
11
30
11
11
11
11
6
6
11
11
11
11
31
11
35
54
33
51
6
6
6
11
6
6
11
11
50
50
30
50
30
28
50
51
44
63
59
32
48
11
11
11
11
11
11
6
11
11
11
6
11
50
11
11
11
32
18
11
11
13
14
14
14
14
10
11
44
39
33
27
22
11
42
67
3
9
53
10
7
20
28
11
48
45
23
20
24
4
11
11
11
11
11
18
64
14
15
11
15
11
11
11
6
18
20
9
11
20
20
16
16
20
16
20
18
13
16
31
50
31
50
11
11
14
15
15
15
15
15
13
11
34
11
43
11
69
40
11
11
6
14
26
6
11
6
11
28
17
26
30
51
15
51
50
51
49
51
50
6
11
11
31
29
53
27
27
18
28
21
29
38
26
22
23
29
24
11
41
41
31
50
11
6
11
11
11
11
6
11
11
11
6
6
11
6
6
11
11
6
11
11
11
20
56
20
22
10
11
43
38
12
12
31
51
11
11
50
11
6
50
11
11
11
11
11
6
11
27
11
11
32
11
23
27
11
23
19
11
34
21
11
6
11
26
6
6
6
11
11
11
6
11
11
11
11
33
18
32
11
8
63
11
11
11
11
11
11
11
11
13
27
17
6
43
