8
43
30
48
11
11
70
52
44
58
28
33
27
11
21
47
44
63
36
32
44
44
44
32
37
46
48
59
51
46
11
52
38
39
11
37
29
30
11
11
29
64
39
17
48
49
11
6
6
11
47
11
36
11
11
11
11
6
11
6
36
11
28
54
46
64
61
24
27
43
28
49
6
11
11
11
11
11
11
48
11
48
56
11
11
11
11
11
11
11
12
11
11
27
31
28
32
27
50
44
28
9
45
6
11
11
11
11
11
11
29
46
17
11
11
37
6
11
6
11
11
11
11
11
11
17
11
11
20
14
38
13
16
11
11
20
6
44
11
55
11
6
3
11
11
5
3
3
3
7
6
11
6
11
11
2
44
11
6
3
2
11
7
3
11
11
10
41
51
65
34
63
28
6
11
11
11
11
11
11
11
30
22
27
43
24
42
11
43
27
72
69
67
46
14
11
1
11
11
6
11
2
11
11
11
11
28
6
11
11
26
22
10
11
23
21
15
43
14
44
60
44
44
31
60
51
32
37
32
39
66
6
24
40
18
14
15
11
11
11
30
40
30
15
54
11
29
18
58
55
19
16
17
42
6
6
11
11
50
38
43
57
20
50
50
28
29
19
20
52
28
80
29
47
11
48
11
11
12
11
37
24
32
25
21
49
27
46
39
27
32
27
11
18
11
34
31
11
51
6
32
26
26
59
21
11
36
28
30
33
50
31
27
11
11
11
11
28
18
26
20
21
18
11
17
15
23
18
20
11
19
7
24
15
30
11
11
6
11
11
11
11
6
11
11
11
11
11
11
11
11
11
11
11
11
6
59
26
32
42
34
39
32
27
25
11
24
46
11
11
11
29
6
11
29
6
6
11
11
11
11
6
28
39
70
11
39
41
27
11
28
32
32
41
34
11
11
11
34
6
11
11
11
11
11
11
11
11
11
11
36
32
31
34
42
71
11
11
6
3
12
11
11
14
11
11
14
48
74
