42
11
34
11
6
11
22
11
11
29
29
11
48
11
77
63
44
44
49
47
47
29
11
11
56
35
43
67
43
11
11
49
29
33
47
11
11
76
11
61
11
29
29
31
11
56
11
6
6
11
44
6
48
11
6
11
11
6
11
11
18
25
29
33
57
51
56
11
83
33
32
11
6
6
11
11
11
11
11
11
6
11
8
11
6
11
11
11
11
6
11
10
11
11
11
11
11
40
35
11
11
27
37
11
6
11
11
11
11
11
11
11
61
11
6
47
11
6
11
11
6
6
6
11
11
51
55
51
49
49
11
49
25
47
46
43
6
11
30
11
6
11
11
6
11
11
11
6
11
11
11
11
11
6
11
6
41
11
11
11
11
11
11
6
11
11
6
17
11
25
18
18
11
6
11
6
11
11
11
11
11
11
38
43
11
39
11
37
54
39
47
11
51
58
11
6
6
11
11
11
6
6
11
11
11
11
63
6
11
6
30
34
11
11
63
11
41
11
11
11
44
51
48
49
11
61
35
26
36
55
10
54
31
66
11
18
6
11
36
18
25
41
9
11
11
11
29
46
23
11
40
11
70
21
11
11
11
11
63
64
11
28
36
40
53
11
34
11
59
28
50
30
11
32
33
11
6
35
35
69
73
83
77
74
46
49
44
30
29
48
37
29
11
32
29
11
10
11
21
11
62
65
75
11
27
11
15
11
11
11
39
11
38
6
11
11
33
11
11
30
11
49
31
38
28
25
43
29
18
34
16
3
7
21
19
38
6
11
11
11
11
11
11
11
6
11
6
11
11
11
11
11
11
11
11
11
11
76
25
17
41
11
27
15
34
11
11
34
56
36
6
32
6
11
11
6
6
6
6
6
11
6
43
37
18
11
11
11
27
11
11
11
49
50
28
11
11
11
16
11
11
6
11
11
11
11
6
11
6
11
29
49
29
48
11
56
28
11
11
11
11
11
11
11
28
11
11
17
60
