66
71
71
56
11
58
48
11
50
11
44
44
44
49
23
44
47
53
27
44
44
27
44
58
57
67
49
55
55
49
11
34
33
44
44
44
50
11
6
32
49
44
27
55
30
50
11
11
11
11
41
6
11
11
11
6
11
11
11
6
11
11
44
33
56
34
34
11
11
49
32
11
6
6
11
11
6
11
11
35
6
35
11
11
6
11
11
11
11
11
53
39
11
11
11
32
11
32
31
11
31
15
11
6
11
11
11
11
6
11
11
41
34
11
6
44
11
11
11
6
6
11
11
50
50
11
11
11
11
11
11
11
11
11
11
11
11
13
29
54
11
6
11
6
6
11
6
11
11
6
6
6
6
11
11
6
32
6
11
6
11
11
11
11
6
11
11
51
31
11
51
30
45
6
11
6
6
11
11
11
6
11
11
11
11
31
11
55
52
31
11
50
35
46
45
11
11
6
6
6
6
11
6
6
6
6
56
6
11
11
42
56
6
11
26
27
14
74
76
57
32
44
11
55
54
54
60
17
11
67
12
29
61
11
3
2
11
11
52
10
10
10
21
31
30
30
31
60
11
61
54
57
16
20
11
11
11
6
17
46
33
11
32
34
35
59
59
59
59
34
19
59
50
51
49
51
6
58
11
20
66
58
25
63
11
66
81
44
44
27
44
44
11
40
48
42
11
49
49
6
66
59
65
62
11
58
11
30
50
11
11
11
53
6
11
6
50
50
15
11
18
11
17
18
15
24
21
20
20
21
19
11
11
15
20
50
11
11
11
11
6
11
11
11
6
6
11
11
11
11
6
11
6
11
11
6
18
16
20
19
56
11
30
11
11
33
14
52
50
11
11
50
11
6
11
11
11
11
11
11
11
11
11
9
11
38
54
55
26
11
27
51
59
47
59
11
11
11
60
6
11
11
11
11
11
11
6
11
6
11
27
27
27
27
52
34
65
6
11
11
11
11
11
18
11
24
26
54
54
