8
10
11
4
4
3
8
1
4
7
2
5
11
3
1
11
2
11
11
3
11
11
11
4
3
6
2
6
9
9
11
1
2
6
7
11
11
2
3
11
15
11
7
13
1
7
2
11
2
8
2
2
9
2
6
11
11
4
11
2
2
11
10
11
11
12
6
8
2
22
4
3
5
5
2
8
6
2
2
11
4
1
2
10
11
11
11
3
4
1
5
5
2
2
1
1
6
11
2
11
1
11
13
2
10
9
2
3
2
20
10
6
1
4
2
4
9
1
9
3
1
13
3
7
11
3
2
13
13
7
11
6
4
1
1
8
10
11
2
2
2
7
7
6
35
11
1
11
2
2
15
11
11
11
11
11
11
11
11
11
26
39
4
1
1
5
13
12
5
5
12
2
4
3
8
2
7
28
30
10
15
17
8
8
11
3
2
7
20
3
3
11
4
3
3
2
7
11
30
30
11
26
6
11
7
7
34
9
7
3
6
14
6
15
7
7
29
11
8
26
11
1
6
1
4
28
30
20
7
7
7
14
15
2
11
3
4
10
6
9
6
2
3
4
3
11
11
1
11
4
2
11
11
2
5
1
13
3
11
4
2
3
1
11
1
2
11
5
6
5
3
2
11
6
11
7
5
6
30
11
6
11
5
8
1
11
8
11
10
34
22
30
27
11
2
9
3
11
6
8
10
