12
7
11
5
14
5
9
8
5
11
11
11
2
15
1
1
6
6
11
11
11
11
6
2
7
11
3
4
12
2
6
6
4
4
11
8
14
11
4
6
20
16
15
14
11
1
4
6
6
17
2
6
6
6
11
4
11
11
11
11
2
6
11
11
8
9
7
13
4
11
2
11
11
4
11
10
6
14
2
11
11
1
11
8
2
11
6
3
11
5
2
3
7
1
2
1
6
11
6
1
11
5
18
11
7
4
9
11
8
11
17
1
4
11
1
2
11
4
13
11
8
14
11
10
11
4
6
15
10
23
9
5
11
11
5
11
1
6
2
6
1
1
32
2
20
11
6
11
11
11
13
11
11
11
6
11
6
11
6
6
6
15
2
11
2
4
7
12
40
6
17
7
11
3
13
2
10
36
24
36
11
10
8
3
11
11
11
4
8
6
6
6
7
1
3
6
1
2
32
40
36
25
27
10
11
8
39
8
8
8
11
1
11
16
8
11
33
34
3
25
3
4
11
11
5
24
1
28
11
4
15
6
12
6
6
2
11
15
4
4
11
4
2
9
8
11
11
6
11
11
7
11
11
11
4
4
17
17
11
4
11
11
6
6
5
11
11
5
11
1
11
3
7
11
1
2
1
11
26
11
4
11
11
5
24
7
25
11
20
23
37
45
36
11
11
4
1
19
11
11
10
