2
4
2
6
2
11
8
1
6
11
11
14
11
11
1
1
7
8
15
11
8
11
1
10
4
10
1
11
9
1
3
10
11
2
3
8
7
3
11
11
2
5
2
5
9
3
7
1
8
11
6
1
5
11
6
2
3
11
11
11
3
11
6
5
16
9
4
11
8
1
7
11
1
12
4
11
12
7
4
7
1
11
3
11
17
15
11
6
8
4
3
16
11
7
3
1
9
1
14
7
11
7
7
8
7
6
30
1
4
7
11
11
4
4
11
10
6
11
11
2
2
17
11
9
2
1
4
3
2
6
1
1
12
2
10
16
11
11
2
4
8
12
8
11
6
17
1
6
11
11
15
2
8
3
6
4
7
9
7
11
5
11
5
11
10
11
11
4
11
11
3
13
21
3
1
10
5
4
1
1
11
1
11
7
8
5
3
6
1
5
6
2
7
5
15
6
29
5
11
1
11
3
11
3
11
17
4
2
11
7
17
4
2
5
11
6
1
5
11
3
11
1
8
4
5
1
2
11
9
17
6
1
1
11
5
11
9
5
17
2
2
11
11
1
9
10
12
8
13
8
10
10
1
2
11
3
8
11
5
11
8
6
11
1
2
3
6
5
10
2
15
4
11
3
3
2
1
11
9
3
11
19
10
2
2
6
7
13
3
4
4
3
11
11
10
4
5
7
11
4
3
