11
15
11
6
42
15
11
2
9
13
8
11
7
13
11
3
9
11
11
6
6
9
16
12
7
10
11
9
11
12
11
11
9
6
12
11
11
6
11
11
19
19
12
17
8
14
11
11
13
15
13
11
10
11
11
11
13
6
4
11
11
10
11
8
11
13
12
11
9
33
7
6
11
7
6
5
11
7
10
8
9
11
11
11
14
14
8
15
5
11
16
11
9
11
18
11
7
11
5
2
11
11
11
3
8
9
10
12
7
12
11
11
7
5
8
10
9
5
9
10
11
11
6
9
11
10
9
17
22
23
11
11
2
4
9
10
35
4
2
7
9
10
21
4
30
11
8
10
6
6
11
15
11
11
11
13
8
8
8
11
26
26
11
11
6
40
11
11
11
10
17
8
11
11
11
11
42
31
26
30
11
16
10
11
11
6
5
7
8
11
11
11
6
12
11
12
7
12
26
30
26
29
28
10
10
11
30
11
11
11
5
9
23
22
9
10
26
29
38
29
9
8
10
10
14
26
32
29
7
9
9
9
11
13
11
12
10
12
9
14
19
12
6
11
5
10
11
7
9
6
11
9
11
14
6
13
18
12
10
7
4
7
12
11
11
7
11
14
11
11
11
14
9
10
11
5
10
12
26
11
9
12
11
10
27
11
9
11
18
11
29
26
30
7
11
9
11
11
11
10
7
