10
8
11
13
6
11
7
11
11
15
3
3
8
12
11
6
11
11
6
3
11
5
6
2
11
2
8
1
10
11
11
11
18
6
11
11
11
11
6
11
12
23
11
11
12
11
6
3
6
13
1
7
1
11
6
14
7
3
7
11
9
6
21
1
19
22
5
11
4
7
2
7
6
10
6
7
8
26
4
11
2
4
7
26
6
11
11
6
11
3
26
13
5
1
7
11
11
1
5
15
13
11
12
7
7
3
4
11
8
24
21
4
1
11
8
5
20
11
20
11
6
24
5
13
11
10
6
11
16
25
11
7
9
1
3
20
4
2
24
6
3
8
34
6
16
5
11
14
2
4
25
6
11
11
6
11
11
6
11
11
18
7
22
8
6
23
9
8
6
4
21
1
6
22
11
1
27
7
4
15
13
3
11
14
11
2
9
2
20
6
6
6
6
11
11
2
10
11
8
8
14
9
6
6
3
11
8
11
9
6
4
20
18
13
11
11
5
14
11
15
2
10
1
11
8
7
13
8
5
4
22
9
2
12
7
11
17
27
4
16
11
1
3
11
1
11
9
2
3
2
3
6
2
4
8
3
7
3
19
3
10
11
11
11
6
18
8
7
7
13
6
2
11
10
2
7
20
3
29
11
18
9
7
14
21
3
14
10
30
7
8
13
16
11
11
5
6
2
12
23
15
