11
15
11
11
9
11
11
8
10
9
11
11
11
11
4
11
11
11
11
7
8
7
18
11
11
11
11
11
9
10
11
11
6
4
11
14
11
9
11
9
10
14
11
11
9
11
8
7
10
2
8
12
7
5
11
2
2
10
11
11
11
8
11
11
14
11
1
11
11
6
8
11
6
1
7
11
11
11
9
11
7
11
11
10
11
8
12
11
7
9
27
3
11
11
12
11
9
5
2
13
13
10
8
11
4
5
11
11
7
7
11
10
9
11
10
10
11
11
11
11
11
11
4
20
11
9
11
11
11
15
15
8
1
9
11
11
5
8
11
11
11
12
11
11
11
11
8
7
6
16
10
11
15
10
11
13
9
11
11
7
12
11
9
7
9
2
12
9
6
6
9
11
12
11
12
11
11
11
11
7
11
11
9
5
11
8
8
9
6
9
8
11
8
11
11
8
4
9
11
11
11
11
10
