19
22
16
48
11
44
62
28
31
13
40
61
40
49
29
46
58
30
31
33
35
57
61
48
44
47
47
46
46
46
11
54
37
50
40
56
45
45
11
47
43
42
34
32
43
45
11
11
11
11
62
11
60
11
11
6
11
11
6
11
26
11
41
38
49
44
15
37
26
49
27
27
11
11
11
6
11
11
11
43
11
64
11
11
11
11
11
6
11
11
11
44
14
47
33
36
43
57
30
27
24
36
46
11
11
11
6
6
11
6
49
43
12
11
11
34
6
6
11
11
6
11
11
43
47
27
61
56
16
11
16
18
53
28
33
25
11
14
46
28
6
11
11
11
11
11
11
11
2
11
11
11
11
11
6
11
25
11
11
11
6
7
1
6
6
11
11
7
20
11
24
56
34
11
11
11
6
11
11
11
11
57
42
24
24
44
50
43
43
50
43
31
44
45
71
6
11
6
6
11
11
11
6
11
11
11
51
6
6
2
38
42
6
11
20
29
12
26
26
18
48
47
11
62
35
70
60
52
48
15
22
37
20
31
11
24
25
55
11
22
54
11
24
13
20
19
15
26
53
53
15
19
13
53
11
11
6
11
32
19
45
44
20
23
33
22
40
30
30
15
19
68
45
43
27
44
11
17
18
51
34
52
50
11
15
44
47
40
40
35
56
57
11
11
9
49
29
11
14
11
11
28
26
26
64
43
21
43
44
24
26
46
46
11
6
11
43
45
15
11
11
11
64
11
11
19
15
11
11
20
11
33
11
11
11
50
11
11
11
11
11
11
11
11
11
11
11
11
11
11
11
11
6
11
11
11
47
20
26
28
58
11
11
11
18
35
32
44
46
28
11
43
11
11
59
11
6
11
11
11
11
11
11
22
49
37
39
25
41
11
50
59
40
65
41
11
11
11
40
11
11
6
11
11
11
11
11
11
11
11
59
40
40
58
11
21
27
6
11
13
6
11
11
63
11
10
17
59
44
