28
11
33
51
11
58
11
29
54
29
50
29
61
34
66
27
11
46
55
49
29
29
27
56
32
31
11
56
64
57
11
58
70
31
57
31
67
11
11
35
52
51
30
81
11
11
11
11
11
11
41
11
50
11
11
6
6
11
11
11
12
37
56
54
33
55
31
48
34
36
51
51
6
11
11
11
6
11
11
11
11
32
16
6
11
11
11
11
11
6
27
11
10
33
33
11
11
11
49
11
11
42
24
11
11
11
11
11
11
11
11
11
9
6
6
33
11
11
11
11
11
11
11
56
11
11
21
43
28
22
16
11
38
11
13
11
11
11
11
11
6
11
6
11
11
6
11
11
6
11
11
11
11
11
6
11
51
11
6
11
11
11
11
11
11
11
11
23
11
11
17
17
11
11
11
6
11
11
11
11
11
11
45
32
11
57
11
11
38
43
11
22
55
31
11
11
6
6
11
11
11
6
6
11
11
11
11
11
11
6
10
13
11
11
44
47
45
11
42
30
31
47
11
11
44
30
11
26
45
12
12
50
56
6
16
11
25
34
64
28
23
19
23
11
11
11
11
11
59
11
14
56
33
11
6
6
11
6
24
23
11
35
21
20
20
57
58
74
58
11
32
11
11
62
36
11
6
36
59
66
35
38
60
66
64
11
27
30
56
11
44
11
11
50
18
16
12
11
11
11
11
35
57
40
21
11
62
37
11
51
57
74
11
11
11
6
53
33
11
11
72
11
11
11
11
37
25
11
35
11
35
20
28
38
55
11
11
11
11
6
11
11
6
11
11
11
6
6
6
11
11
11
6
11
11
6
1
37
12
12
11
21
15
11
11
15
11
35
11
73
11
11
11
11
11
11
6
6
11
11
11
11
36
23
31
19
11
11
11
11
34
11
35
11
11
11
11
6
11
6
11
11
6
6
11
11
11
11
6
11
30
11
35
11
15
33
11
11
11
11
6
11
6
54
19
31
78
26
11
