60
54
46
27
11
21
4
20
43
9
13
42
26
22
22
35
30
21
31
9
8
21
41
21
14
20
7
25
24
5
25
8
13
39
6
20
5
25
9
9
11
32
10
38
46
24
5
7
5
25
7
7
35
11
11
4
12
6
4
6
30
30
39
28
32
22
14
9
8
37
13
13
14
15
8
7
7
35
16
19
8
24
1
7
11
7
6
4
5
18
10
36
48
21
12
18
20
52
2
33
8
36
24
11
11
4
17
15
22
7
27
26
7
22
9
21
17
34
32
10
6
9
7
52
27
21
46
44
47
42
35
16
27
48
40
43
7
56
34
33
52
4
11
21
6
13
25
23
18
17
7
4
5
23
32
36
42
36
23
11
29
26
36
6
53
14
12
20
24
21
22
17
37
11
10
4
21
16
17
11
9
14
7
9
6
32
8
25
17
37
27
14
30
49
28
7
24
7
21
61
45
32
70
37
10
18
21
21
44
9
11
41
33
26
25
26
18
11
32
57
11
32
46
24
27
37
31
24
25
26
11
77
18
7
14
14
2
52
11
42
48
52
54
15
31
10
18
32
5
4
24
16
42
20
18
8
11
26
37
39
27
8
18
39
31
10
24
32
9
21
51
26
51
31
34
32
13
29
50
53
43
9
26
8
25
27
25
18
44
21
12
32
11
11
9
23
27
13
33
7
4
17
14
20
7
10
35
46
36
16
34
35
31
9
7
3
28
11
11
26
15
28
4
8
11
11
3
17
11
8
20
21
44
55
10
22
9
10
32
30
8
9
11
38
3
28
23
9
28
38
10
57
54
31
9
23
19
20
48
65
33
47
41
1
11
11
42
16
15
34
33
33
29
20
26
9
5
11
19
3
7
5
32
11
32
11
12
58
25
9
49
59
14
31
59
20
13
14
18
20
7
13
11
19
30
18
7
18
7
8
22
39
20
15
5
19
22
10
25
12
7
21
13
3
1
11
11
26
11
