11
11
11
49
6
11
29
19
48
25
71
44
44
11
31
11
39
11
44
44
44
27
46
33
34
49
49
11
11
49
6
27
27
44
44
27
11
52
11
34
11
44
44
40
31
11
11
6
6
11
11
11
11
6
11
6
6
6
6
11
11
11
44
34
11
54
33
31
32
57
54
53
6
11
11
11
11
11
11
30
6
57
13
6
11
11
11
6
6
11
30
68
40
53
26
11
57
31
51
11
11
15
8
6
11
11
11
11
6
6
53
11
11
6
6
27
11
11
11
6
11
11
11
11
11
15
12
14
13
11
60
12
11
11
12
25
11
23
23
11
11
6
6
6
11
11
11
11
6
11
6
11
6
6
6
6
54
6
6
11
11
11
6
11
11
6
6
11
11
19
11
11
11
11
6
11
11
11
11
11
6
31
29
11
11
11
31
11
11
31
48
21
57
11
11
11
11
6
6
6
11
6
11
6
6
6
11
6
6
6
11
49
11
11
11
33
56
28
65
37
30
56
11
11
11
42
11
23
33
10
11
45
11
11
11
8
55
11
51
7
10
9
8
37
11
30
11
26
11
11
11
43
11
22
6
11
11
6
19
11
11
34
25
26
24
59
51
59
11
11
23
59
53
11
11
30
6
11
29
58
35
35
36
35
11
47
11
28
44
45
39
44
6
27
25
64
41
11
54
6
11
11
35
64
24
11
19
11
11
51
53
32
11
6
11
11
51
11
21
11
11
11
11
42
22
22
28
11
24
20
11
9
7
11
25
53
6
11
6
6
11
6
11
11
11
6
6
6
11
6
11
11
6
11
6
6
11
19
19
14
11
11
71
17
11
11
11
54
11
50
6
11
6
6
11
11
11
11
6
11
6
6
40
29
22
26
35
35
33
11
45
67
51
30
51
6
11
11
11
6
11
6
6
11
6
6
11
11
11
11
27
27
27
27
9
34
11
11
11
6
11
6
11
20
17
20
23
32
32
