5
21
14
45
11
28
59
55
35
56
32
19
11
11
15
57
57
11
11
17
23
11
34
54
55
30
30
30
49
30
11
20
32
32
11
32
50
30
6
11
30
15
11
12
50
11
6
11
11
11
49
11
31
11
6
6
11
6
6
6
11
34
11
60
52
59
54
51
31
30
50
29
11
11
11
11
11
11
11
11
11
54
8
11
11
11
11
11
11
11
11
12
11
31
51
50
31
31
51
51
50
8
24
11
11
11
6
11
11
11
31
30
23
11
11
11
11
11
11
11
11
11
11
11
50
32
30
44
31
52
32
11
31
30
32
30
11
11
8
30
11
6
11
11
11
11
11
11
11
11
11
6
11
11
11
11
35
11
11
11
6
11
11
11
11
11
11
32
55
60
34
57
51
11
11
11
6
6
6
11
11
51
51
31
30
50
51
32
30
46
33
54
59
45
30
11
6
6
11
11
6
11
6
6
11
11
30
11
11
11
11
18
11
11
13
14
11
10
14
10
11
44
44
33
44
11
13
42
59
2
2
56
7
8
18
16
35
50
41
23
30
11
30
11
11
20
20
11
48
60
14
17
15
15
6
6
11
6
11
11
50
28
16
15
13
13
13
20
12
14
13
16
11
30
50
30
11
11
11
15
15
13
15
15
15
26
11
20
30
11
45
57
11
11
15
11
1
11
11
11
24
22
11
11
55
50
21
30
50
31
31
49
11
11
11
6
11
30
27
19
23
27
30
30
36
32
26
24
21
34
38
19
17
21
31
49
11
6
11
11
6
11
11
11
11
6
11
6
11
11
11
6
6
6
6
11
11
19
52
11
47
11
10
35
37
11
12
49
52
31
11
51
6
11
30
11
11
11
11
6
6
11
11
47
18
35
11
17
25
11
11
17
19
11
23
11
11
11
19
6
11
11
11
11
11
11
11
11
11
11
11
41
17
41
16
54
11
11
11
11
11
11
11
60
12
12
59
5
45
