0.9512277432712217 0.03872245836034278
0.7972333911109335 0.03250617754257957
0.9312903135511832 0.044434828141911555
0.9135977197896702 0.12641705072954018
0.895551948051948 0.08765633096303906
0.8416656542378622 0.07139658488354451
0.9548717948717949 0.07011964978517832
0.9253806665754579 0.05703339780431492
0.8697718452469095 0.03975407163420827
0.9137912795738883 0.03588111910694784
0.9366909182771253 0.04616458530711258
0.8714919652505859 0.07242585825914487
0.9147097739389011 0.03571264936686693
0.8995140845520353 0.05210740952443801
0.9360606060606059 0.07189485741981812
0.8804127675665494 0.05660638498266908
0.9379176175038244 0.03031228804235219
0.8791300744344224 0.053777086441471736
0.9152913752913753 0.07526879798898505
0.9117244616558118 0.05703855075637666
0.9426093514328808 0.06613188349826699
0.8966485213459908 0.10324594057896638
0.8852838321099192 0.07457592936606415
0.9223828725038403 0.05610735893642724
0.8307487464474761 0.05434378067999078
0.9024139895192528 0.07090848832900871
0.9342000835421889 0.036246457999027315
0.796710713454795 0.05445523087784502
0.7782522546925867 0.055899016546967245
0.9318078298513081 0.051267342739919244
0.8654839835620768 0.052303558606605086
0.9488387635756057 0.04030666382236856
0.8982529854046882 0.048564203192365665
0.9068364968364969 0.04530405108337375
0.9292890413633449 0.02930153135473724
0.871881545185893 0.06901034103132817
0.933781512605042 0.04547680944454408
0.8978000653156638 0.041938472648518646
0.9512418300653595 0.035051453364013926
0.9128738134930086 0.08057108478389713
0.8956099808344391 0.07122703892631194
0.9378396972824217 0.07371983020326583
0.9256259666259667 0.045882149707042186
0.9280586788412876 0.05028817603027606
0.8136761849923534 0.05284872656295871
0.9411139840551606 0.05766219202220242
0.9466817496229261 0.05145703665269267
0.9375409111012827 0.06668836326148174
0.8911872441284207 0.09580789920601707
0.8015114598373678 0.06513959187411426
0.9268789891323099 0.05620781009033818
0.8849571322397412 0.06335258856374085
0.9602564102564102 0.054528641841376284
0.928126153172593 0.06880595815731477
0.9254107744107746 0.05838495692115697
0.9063048063048063 0.08989929347329631
0.9106637806637806 0.06746510774636821
0.8907492507492506 0.11478739013492333
0.8400906251796989 0.0402219247448401
0.9349009779350336 0.06051222332088674
0.9310104792932934 0.058483422870645334
0.9410407239819005 0.048079508403559804
0.8554834141601025 0.06243339064988444
0.8438025326030545 0.02869090339867534
0.8955505458503958 0.035765675300912625
0.8678608287282958 0.06169384697055021
0.9507492507492508 0.051828899699656025
0.8591600249483318 0.03210858534029962
0.9293534730607785 0.0503415266221972
0.9228142282554048 0.09660598757094924
0.9436363636363636 0.06425671653480833
0.9226671846671847 0.04694471255687021
0.904864929121222 0.06082739062450461
0.9032400932400932 0.10827602178519012
0.8925518904954387 0.04207538482799156
0.8411326752790167 0.0787640800542882
0.945521978021978 0.05060148967725616
0.9151780185758515 0.0745999665043101
0.8348579763335542 0.059823668114452326
0.9300659737579242 0.0822583848264848
0.950239234449761 0.05000858423140255
0.8995845004668535 0.07534305361697617
0.8945720945720946 0.12311731616426635
0.887191142191142 0.0821964844487742
0.9447402243332362 0.0335026537715596
0.9267680565048986 0.07874261194312049
0.9361172161172162 0.05934680925035159
0.9021915176326942 0.06654404799809352
0.8940640370980928 0.08990932248022449
0.9542424242424243 0.05332730682204534
0.8506197118758317 0.05744406957808863
0.9359440559440559 0.061598190975060856
0.838444148297177 0.0506766190627797
0.9339073969508751 0.0462145989158154
0.951048951048951 0.04029331549898725
0.7628197365156816 0.03793488511856758
0.9424644945697576 0.06254979528185352
0.8787743850352546 0.07842114431177183
0.8965800865800866 0.09681002043484777
0.9096396250808014 0.06358240617683644
0.938974358974359 0.0801445111613797
0.9529778657874634 0.05330769712823389
0.9412820512820513 0.07041204920495704
0.9298960353372119 0.07346002609646204
0.935029239766082 0.047655939189817746
0.8828305420596692 0.07080047853726905
0.9407925407925409 0.06553350950519471
0.8267125189827749 0.05803647759359209
0.8692033813837785 0.048785259123334576
0.8791653129479217 0.06575527979978167
0.9527272727272725 0.06515081042606878
0.9464558629776022 0.03940658162093527
0.9477931488801052 0.05075483975016839
0.9509881422924901 0.04643890321810125
0.9407891963109355 0.05813337738830737
0.9321968458696146 0.04633884998837607
0.9306604560622915 0.0733740279028176
0.9411725892703122 0.04302091641313347
0.9138353670183481 0.09918254642031567
0.9209768925266537 0.03116864956998127
0.9420918866080157 0.0405489177747336
0.9321088899994449 0.058580408566720255
0.8797447966431478 0.06792707299010128
0.9593954248366015 0.052239114076664
0.9212349054454316 0.06437237868511184
0.9258784215440562 0.0529987476346889
0.86451938135723 0.03092954197814953
0.9636630036630036 0.0484594203519078
0.9378590140509646 0.024769839796957814
0.9566666666666668 0.051747248987533426
0.9338837289301685 0.09566275871079534
0.9296503496503498 0.057492725345483726
0.8872291235334714 0.06666570656662126
0.8211147380098993 0.0640924771926382
0.9466165413533835 0.043144424974222606
0.9434216763628529 0.0734851213379801
0.8939301024053344 0.1170080140161601
0.9175945823099523 0.06281319161430853
0.8845490885925669 0.049667465447722756
0.9261152882205513 0.06141393304294298
0.8821545204918071 0.04557991958002774
0.946547619047619 0.050238800491551674
0.8941279291743689 0.0673374889175083
0.9346311411326893 0.055106429813605466
0.8600795274476816 0.07417101141439444
0.9412014885699097 0.05083759681362647
0.9373039215686274 0.053569460885486836
0.9557142857142857 0.06120668675399252
0.8777201520207637 0.07571242193834614
0.877506786289395 0.03291310707534089
0.9185517715858275 0.07578089645374875
0.9353928939997053 0.05966555328730561
0.955452356381149 0.03345388712432911
0.9475 0.038378596465564845
0.9523809523809523 0.04467062628403266
0.9493040293040294 0.07539938698421247
0.8136445869448747 0.07614047583042682
0.8598046819081301 0.06476015793048638
0.8921911421911422 0.07489559822730675
0.9512820512820512 0.06607230116269298
0.9402402207217196 0.04482483597142406
0.9393111804626049 0.04470123782646417
0.9678321678321679 0.03958313761702074
0.9577513140962726 0.03639186165303809
0.9111849887022302 0.060471376438220696
0.9303030303030303 0.06327458490248819
0.8870768077499711 0.05567329234506037
0.8108024401350626 0.06347631078307081
0.9123523509819395 0.04538310005704848
0.9103514192724427 0.03782502354352713
0.9468517536103744 0.05838370572058036
0.8101474139550268 0.05264057864506027
0.8834220032840723 0.044133192333003446
0.9296034203154948 0.06535635206910259
0.9305743525480368 0.07052650458670032
0.9100425554837319 0.044843603317437364
0.906142794403664 0.054148824883181665
0.9503296703296703 0.04572132940944999
0.925187355644012 0.065408686649639
0.8949840015057406 0.05190338562608757
0.7828276318381465 0.04357506313879554
0.9350839836492011 0.04960848337048889
0.9215217375217375 0.04691883290804247
0.8754378954378954 0.11089848670211876
0.9119071862115341 0.07272586638073796
0.9495657031140903 0.04963676662153949
0.940232935279375 0.06328143916237654
0.9304575163398692 0.09534386393526521
0.8788273001508295 0.06170738903103508
0.8941104483751543 0.06496447629372447
0.9579762867832946 0.03035832380390322
0.947169859514687 0.05654585158847074
0.822361470371393 0.07079724589408912
0.9121478521478522 0.07182716031517017
0.9337007564593772 0.0382725113460399
0.8289438179432611 0.05640027726511851
0.8687009222661395 0.053495142624882544
0.817088521795978 0.04748795598382607
0.9301056562976069 0.056585060324751364
0.9431955799247961 0.030358033210815566
0.9408037240537241 0.03128510020265416
0.9171794871794872 0.0837802610995059
0.9060707859392071 0.0787994609578633