0.0 0.0
0.0 0.0
0.03636363636363636 0.07272727272727272
0.0 0.0
0.01702898550724638 0.03406760579106234
0.07636363636363636 0.12406343352168712
0.04444444444444444 0.08888888888888888
0.0 0.0
0.0 0.0
0.025 0.07500000000000001
0.0 0.0
0.0 0.0
0.0 0.0
0.0 0.0
0.05 0.07637626158259735
0.030769230769230764 0.0923076923076923
0.0963869463869464 0.12541144569196305
0.01111111111111111 0.03333333333333333
0.054404761904761914 0.06679844543793793
0.058333333333333334 0.11814539065631521
0.05523809523809524 0.09023024215106296
0.0 0.0
0.07895104895104896 0.1053353130263225
0.0 0.0
0.11356643356643356 0.09367664701670965
0.0 0.0
0.0 0.0
0.02222222222222222 0.06666666666666667
0.08818181818181818 0.1158388577076129
0.0 0.0
0.02761904761904762 0.055279130898786485
0.04887278582930757 0.05203282049569926
0.0 0.0
0.02 0.06
0.02222222222222222 0.06666666666666667
0.03640127987954074 0.04462076345009853
0.031740740740740736 0.03893156388673163
0.0 0.0
0.05636363636363636 0.11851700718350738
0.028571428571428574 0.057142857142857155
0.0 0.0
0.0 0.0
0.02222222222222222 0.06666666666666667
0.0 0.0
0.0 0.0
0.0 0.0
0.0 0.0
0.0 0.0
0.05 0.10000000000000002
0.08202368666764952 0.12180053526558181
0.0 0.0
0.07857142857142857 0.12037356818823368
0.02222222222222222 0.06666666666666667
0.025 0.07500000000000001
0.0 0.0
0.01666666666666667 0.05000000000000001
0.007999999999999998 0.023999999999999997
0.0 0.0
0.0 0.0
0.0 0.0
0.0 0.0
0.0 0.0
0.0738095238095238 0.11686086849340978
0.011764705882352941 0.03529411764705882
0.05714285714285715 0.17142857142857143
0.0 0.0
0.03076923076923077 0.061538461538461535
0.0 0.0
0.03333333333333334 0.10000000000000002
0.0 0.0
0.0 0.0
0.02222222222222222 0.06666666666666667
0.01818181818181818 0.05454545454545454
0.06190476190476191 0.12426655572095133
0.04 0.12000000000000001
0.0 0.0
0.058251633986928106 0.07665301580992513
0.04 0.12
0.0 0.0
0.015384615384615385 0.046153846153846156
0.02857142857142857 0.0857142857142857
0.0 0.0
0.04617001991143867 0.04648038697736501
0.0 0.0
0.02814814814814815 0.045638286817035155
0.026666666666666665 0.07999999999999999
0.037815126050420166 0.07840385671797173
0.0 0.0
0.0 0.0
0.07185281385281385 0.05205300293003848
0.0 0.0
0.0 0.0
0.03333333333333334 0.10000000000000002
0.0 0.0
0.04444444444444444 0.08888888888888888
0.0 0.0
0.03620915032679738 0.055545712315231255
0.04714052287581699 0.05781872615506624
0.025 0.07500000000000001
0.0 0.0
0.0 0.0
0.02111111111111111 0.042295258468165065
0.0 0.0
0.0 0.0
0.0 0.0
0.0 0.0
0.0 0.0
0.09339549339549338 0.11801298982975393
0.0 0.0
0.07333333333333333 0.14742229591663988
0.028571428571428574 0.08571428571428572
0.0 0.0
0.02222222222222222 0.06666666666666667
0.02857142857142857 0.0857142857142857
0.0 0.0
0.0 0.0
0.07579365079365079 0.11664844366913275
0.0 0.0
0.0 0.0
0.05357142857142857 0.10744006397493802
0.01 0.03
0.02857142857142857 0.0857142857142857
0.03333333333333334 0.10000000000000002
0.03333333333333334 0.10000000000000003
0.007999999999999998 0.023999999999999997
0.05636363636363636 0.11851700718350736
0.03333333333333334 0.10000000000000003
0.0 0.0
0.0 0.0
0.03333333333333334 0.10000000000000003
0.026948051948051943 0.04125194177368289
0.02222222222222222 0.06666666666666667
0.019999999999999997 0.05999999999999999
0.0 0.0
0.06190476190476191 0.12426655572095131
0.09523809523809525 0.14599723539767517
0.0 0.0
0.02857142857142857 0.08571428571428572
0.0 0.0
0.02857142857142857 0.0857142857142857
0.0 0.0
0.0 0.0
0.09523809523809525 0.14599723539767517
0.03333333333333334 0.10000000000000003
0.03636363636363636 0.10909090909090906
0.0 0.0
0.07110275689223057 0.07994744302207893
0.14213286713286713 0.2283139810651691
0.0 0.0
0.0 0.0
0.0 0.0
0.07121212121212121 0.08731533051044794
0.03356643356643356 0.06742361282905705
0.01818181818181818 0.05454545454545454
0.03484848484848485 0.069779266301027
0.048951048951048945 0.10186773557835045
0.026666666666666665 0.05333333333333333
0.03928571428571429 0.06018678409411685
0.038431372549019606 0.05884444072753786
0.02583333333333333 0.051700257897486994
0.0 0.0
0.02222222222222222 0.06666666666666667
0.0 0.0
0.0 0.0
0.040119047619047624 0.06141299636436069
0.0 0.0
0.0 0.0
0.0804040404040404 0.0988900754151328
0.0 0.0
0.0 0.0
0.0 0.0
0.042222222222222223 0.08459051693633014
0.07611193154671414 0.06502898483749485
0.0 0.0
0.02857142857142857 0.08571428571428572
0.02761904761904762 0.055279130898786485
0.0 0.0
0.04222222222222222 0.08459051693633013
0.019999999999999997 0.05999999999999999
0.0 0.0
0.0 0.0
0.0 0.0
0.02222222222222222 0.06666666666666667
0.0 0.0
0.02222222222222222 0.06666666666666667
0.014285714285714287 0.042857142857142864
0.0 0.0
0.0 0.0
0.0 0.0
0.02 0.06
0.0 0.0
0.03076923076923077 0.06153846153846154
0.039999999999999994 0.07999999999999999
0.0 0.0
0.0 0.0
0.014285714285714287 0.04285714285714286
0.0 0.0
0.0 0.0
0.0 0.0
0.0 0.0
0.05818181818181818 0.0889980963674212
0.019999999999999997 0.05999999999999999
0.039999999999999994 0.07999999999999999
0.0 0.0
0.03333333333333334 0.10000000000000003
0.02222222222222222 0.06666666666666667
0.03636363636363636 0.10909090909090906
0.02761904761904762 0.055279130898786485
0.04722222222222222 0.09464847243000456
0.07777777777777779 0.15752718754175363
0.05357142857142857 0.10744006397493802
0.0 0.0
0.06561771561771561 0.1060440187854039
0.0 0.0
0.04444444444444444 0.08888888888888888
0.04722222222222222 0.09464847243000456
0.019999999999999997 0.05999999999999999
0.04 0.12
0.0 0.0
0.019999999999999997 0.05999999999999999
0.022222222222222223 0.06666666666666668
0.0 0.0
0.05357142857142857 0.10744006397493802
0.0 0.0
0.0 0.0
0.0 0.0
0.0 0.0
0.0 0.0
0.0 0.0
0.0 0.0
0.0 0.0
0.0 0.0
0.028571428571428574 0.08571428571428572
0.03333333333333334 0.10000000000000003
0.0 0.0
0.03333333333333334 0.06666666666666668
0.025 0.07500000000000001
0.058333333333333334 0.11814539065631521
0.0 0.0
0.0 0.0
0.0841025641025641 0.09125323659296501
0.0 0.0
0.0 0.0
0.07362637362637361 0.07372471700096488
0.09 0.18138357147217055
0.03076923076923077 0.061538461538461535
0.007999999999999998 0.023999999999999997
0.0 0.0
0.0 0.0
0.0 0.0
0.01818181818181818 0.03636363636363636
0.0 0.0
0.10080808080808082 0.13014382255618495
0.025 0.07500000000000001
0.0 0.0
0.0 0.0
0.0 0.0
0.0 0.0
0.06190476190476191 0.12426655572095133
0.04 0.12
0.0 0.0
0.0 0.0
0.01666666666666667 0.05000000000000002
0.015384615384615385 0.03076923076923077
0.0 0.0
0.0 0.0
0.0 0.0
0.0 0.0
0.01666666666666667 0.05000000000000001
0.0 0.0
0.0 0.0
0.0 0.0
0.0 0.0
0.025 0.07500000000000001
0.0 0.0
0.19166666666666665 0.29825883613622134
0.0 0.0
0.0 0.0
0.019999999999999997 0.05999999999999999
0.0 0.0
0.0 0.0
0.08888888888888889 0.13877773329774218
0.0 0.0
0.0 0.0
0.0 0.0
0.0 0.0
0.1778787878787879 0.20027552188130762
0.0 0.0
0.0 0.0
0.039999999999999994 0.07999999999999999
0.0 0.0
0.0 0.0
0.019999999999999997 0.05999999999999999
0.02222222222222222 0.06666666666666667
0.0 0.0
0.0 0.0
0.0 0.0
0.10666666666666669 0.16384274303259344
0.0 0.0
0.02222222222222222 0.06666666666666667
0.0 0.0