0.0 0.0
0.0 0.0
0.0 0.0
0.0 0.0
0.0 0.0
0.0 0.0
0.0 0.0
0.0 0.0
0.008 0.024
0.0 0.0
0.006666666666666666 0.019999999999999997
0.0 0.0
0.00909090909090909 0.027272727272727264
0.025 0.07500000000000001
0.0 0.0
0.0 0.0
0.0 0.0
0.0 0.0
0.0 0.0
0.0 0.0
0.0 0.0
0.0 0.0
0.0 0.0
0.0 0.0
0.0 0.0
0.0 0.0
0.0 0.0
0.0 0.0
0.0 0.0
0.0 0.0
0.0 0.0
0.0 0.0
0.0 0.0
0.0 0.0
0.006896551724137931 0.02068965517241379
0.012121212121212123 0.03636363636363636
0.006896551724137931 0.02068965517241379
0.0 0.0
0.0 0.0
0.0 0.0
0.0 0.0
0.0 0.0
0.0 0.0
0.0 0.0
0.00909090909090909 0.02727272727272727
0.0 0.0
0.0 0.0
0.0 0.0
0.0 0.0
0.006666666666666666 0.019999999999999997
0.0 0.0
0.0 0.0
0.0 0.0
0.0 0.0
0.011111111111111112 0.03333333333333334
0.0 0.0
0.008 0.024
0.0 0.0
0.0 0.0
0.0 0.0
0.0 0.0
0.0 0.0
0.0 0.0
0.0 0.0
0.0 0.0
0.0 0.0
0.0 0.0
0.0 0.0
0.0 0.0
0.0 0.0
0.0 0.0
0.0 0.0
0.0 0.0
0.0 0.0
0.0 0.0
0.0 0.0
0.0 0.0
0.0 0.0
0.0 0.0
0.011764705882352941 0.03529411764705882
0.0 0.0
0.0 0.0
0.0 0.0
0.0 0.0
0.0 0.0
0.0 0.0
0.0 0.0
0.0 0.0
0.0 0.0
0.0 0.0
0.0 0.0
0.0 0.0
0.0 0.0
0.0 0.0
0.0 0.0
0.0 0.0
0.008333333333333335 0.02500000000000001
0.0 0.0
0.0 0.0
0.0 0.0
0.0 0.0
0.004545454545454545 0.013636363636363632
0.0 0.0
0.014285714285714285 0.04285714285714285
0.0 0.0
0.0 0.0
0.0 0.0
0.0 0.0
0.0 0.0
0.0 0.0
0.020000000000000004 0.06000000000000001
0.0 0.0
0.014285714285714287 0.04285714285714286
0.0 0.0
0.0 0.0
0.02222222222222222 0.06666666666666667
0.0 0.0
0.0 0.0
0.0 0.0
0.0 0.0
0.0 0.0
0.0 0.0
0.0 0.0
0.0 0.0
0.0 0.0
0.0 0.0
0.0 0.0
0.0 0.0
0.0 0.0
0.0 0.0
0.008695652173913042 0.026086956521739126
0.0 0.0
0.0 0.0
0.0 0.0
0.0 0.0
0.0 0.0
0.0 0.0
0.02857142857142857 0.0857142857142857
0.0 0.0
0.0 0.0
0.014285714285714287 0.04285714285714286
0.0 0.0
0.0 0.0
0.0 0.0
0.0 0.0
0.00625 0.018750000000000003
0.0 0.0
0.009523809523809525 0.02857142857142857
0.0 0.0
0.022222222222222223 0.06666666666666668
0.0 0.0
0.0 0.0
0.01818181818181818 0.05454545454545454
0.0 0.0
0.0 0.0
0.0 0.0
0.0 0.0
0.0 0.0
0.0 0.0
0.011764705882352941 0.03529411764705882
0.0 0.0
0.0 0.0
0.0 0.0
0.013333333333333332 0.039999999999999994
0.0 0.0
0.0 0.0
0.0 0.0
0.0 0.0
0.0 0.0
0.0 0.0
0.0 0.0
0.00625 0.018750000000000003
0.0 0.0
0.0 0.0
0.0 0.0
0.0 0.0
0.0 0.0
0.0 0.0
0.0 0.0
0.0 0.0
0.0 0.0
0.0 0.0
0.005405405405405405 0.016216216216216214
0.0 0.0
0.0 0.0
0.0 0.0
0.016666666666666666 0.049999999999999996
0.0 0.0
0.0 0.0
0.0 0.0
0.0 0.0
0.01111111111111111 0.03333333333333333
0.0 0.0
0.019999999999999997 0.05999999999999999
0.0 0.0
0.0 0.0
0.0 0.0
0.013333333333333332 0.039999999999999994
0.0 0.0
0.0 0.0
0.0 0.0
0.0 0.0
0.0 0.0
0.0 0.0
0.0 0.0
0.0 0.0
0.0 0.0
0.0 0.0
0.0044444444444444444 0.013333333333333332
0.0 0.0
0.0 0.0
0.0 0.0
0.011764705882352941 0.03529411764705882
0.0 0.0
0.0 0.0
0.00909090909090909 0.02727272727272727
0.0 0.0
0.0 0.0
0.0 0.0
0.0 0.0
0.0 0.0
0.0 0.0
0.0 0.0
0.0 0.0
0.0 0.0
0.0 0.0
0.0 0.0
0.016666666666666666 0.049999999999999996
0.0 0.0
0.0 0.0
0.0 0.0
0.0 0.0
0.0 0.0
0.03333333333333334 0.10000000000000003
0.007142857142857143 0.021428571428571425
0.01666666666666667 0.05000000000000002
0.0 0.0
0.0 0.0
0.0 0.0
0.0 0.0
0.0 0.0
0.0 0.0
0.0 0.0
0.0 0.0
0.0 0.0
0.0125 0.037500000000000006
0.0060606060606060615 0.01818181818181818
0.0 0.0
0.0 0.0
0.0 0.0
0.0060606060606060615 0.01818181818181818
0.0 0.0
0.0 0.0
0.0 0.0
0.0 0.0
0.0 0.0
0.0 0.0
0.0 0.0
0.0 0.0
0.0 0.0
0.0 0.0
0.0 0.0
0.0 0.0
0.0 0.0
0.0 0.0
0.0 0.0
0.011111111111111112 0.03333333333333334
0.0 0.0
0.0 0.0
0.0 0.0
0.0 0.0
0.0 0.0
0.02857142857142857 0.0857142857142857
0.0 0.0
0.01818181818181818 0.05454545454545453
0.01818181818181818 0.05454545454545453
0.0 0.0
0.008 0.024
0.0 0.0
0.007999999999999998 0.023999999999999997
0.0 0.0
0.0 0.0
0.0 0.0
0.0 0.0
0.0 0.0
0.0 0.0
0.019999999999999997 0.05999999999999999
0.006666666666666666 0.019999999999999997
0.0 0.0
0.0 0.0
0.0 0.0
0.0 0.0
0.0 0.0
0.0 0.0
0.0 0.0
0.0 0.0
0.0 0.0
0.025 0.07500000000000001
0.0 0.0
0.0 0.0
0.0 0.0