0.04395604395604395 0.06720388945679409
0.06083655083655084 0.08234310371735802
0.043003663003663005 0.06584939618478836
0.06538461538461537 0.0815308011237895
0.025 0.07500000000000001
0.052554112554112555 0.05956691080207683
0.02 0.06
0.009523809523809523 0.02857142857142857
0.03426929392446633 0.034292229121395325
0.03686274509803922 0.07717025321680343
0.04107142857142858 0.06290683912074478
0.1417016806722689 0.1343194986608421
0.06642003559623696 0.10502037273964988
0.06479925303454716 0.06831161403766907
0.11547619047619047 0.14266355931513341
0.11322239422084626 0.11256778173665528
0.02426470588235294 0.04855725582676193
0.10413111398405517 0.12122190333537569
0.04444444444444444 0.0888888888888889
0.10633699633699636 0.0706329408333716
0.05 0.10000000000000002
0.01666666666666667 0.05000000000000002
0.0871062271062271 0.09308611256753846
0.04714052287581699 0.05781872615506624
0.025806451612903226 0.05161290322580646
0.09487179487179487 0.10371153033926504
0.0696969696969697 0.08549536957373263
0.0407521584829705 0.04409842180451012
0.04826970573175507 0.03527799420552528
0.08667313079077785 0.07168641507707352
0.04163742690058479 0.051077645044875115
0.143502331002331 0.11303252768189456
0.03538461538461538 0.07151778030258128
0.022222222222222223 0.06666666666666668
0.07536231884057971 0.05692038187143548
0.0 0.0
0.09858585858585858 0.1282273004772975
0.07889417989417989 0.12187946269390838
0.05484848484848485 0.08411424737563934
0.0404040404040404 0.08131156281817417
0.01818181818181818 0.054545454545454536
0.10606060606060605 0.1403458930534474
0.02761904761904762 0.055279130898786485
0.040119047619047624 0.06141299636436069
0.0303924032956291 0.04913925204189379
0.0 0.0
0.025 0.07500000000000001
0.0612290008841733 0.10197421182413648
0.10222222222222221 0.10526861584290675
0.05354413702239789 0.05761804749889321
0.01111111111111111 0.03333333333333333
0.08487394957983194 0.11922412356150305
0.10555555555555556 0.14582671942674097
0.050233100233100236 0.07698741746572273
0.054404761904761914 0.06679844543793793
0.13571428571428573 0.17627089541790095
0.03333333333333334 0.10000000000000003
0.10793650793650793 0.13333333333333333
0.05166666666666667 0.12526638282742367
0.1563869463869464 0.11853308211501952
0.03676470588235294 0.056191097572184705
0.025 0.07500000000000001
0.043707633362805774 0.047222307487899476
0.0617769248461848 0.061806044609575034
0.0375 0.08003905296791061
0.045820433436532505 0.07699958665862446
0.10634920634920635 0.16648516193907664
0.051399941055113474 0.05645758819244482
0.01111111111111111 0.03333333333333333
0.04 0.12
0.05714285714285714 0.11428571428571431
0.028571428571428574 0.05714285714285714
0.13978354978354982 0.13160151087928634
0.044444444444444446 0.0888888888888889
0.05068504594820385 0.06634564924162294
0.06583850931677018 0.07410620178381058
0.14636363636363636 0.15588722348634282
0.0873160173160173 0.08835200887535742
0.041724637681159416 0.05707953857563638
0.06493506493506493 0.10275345685637653
0.04895104895104895 0.10186773557835045
0.08222222222222222 0.10088497300281037
0.15329670329670328 0.13099988892069578
0.20051892551892553 0.14528846435229387
0.05759803921568627 0.076170128197764
0.09508158508158508 0.0991302941613789
0.08636363636363636 0.13514607952107732
0.06444444444444444 0.09860758992148351
0.08787878787878789 0.0880353881595997
0.045 0.09069178573608527
0.03687002652519894 0.048148168193334256
0.05714285714285714 0.11428571428571428
0.026236559139784944 0.032140286782398976
0.07190476190476192 0.09380952380952381
0.19065656565656566 0.20402805868243087
0.06638824884792627 0.07763015813858445
0.16150516150516153 0.12089700800333511
0.03076923076923077 0.061538461538461535
0.025 0.07500000000000001
0.13676767676767673 0.16728699983027082
0.09166666666666667 0.15012854574301845
0.01666666666666667 0.05000000000000002
0.025 0.07500000000000001
0.11414141414141414 0.14554220142162755
0.03636363636363636 0.07272727272727272
0.023529411764705882 0.047058823529411764
0.16023809523809524 0.17154700861653324
0.038614718614718616 0.04735376717596911
0.09026092900234776 0.05322235620417635
0.15528083028083026 0.17005297250518328
0.09714285714285714 0.15129374051284258
0.07600732600732601 0.07626286537172566
0.10457875457875457 0.0939131920358847
0.07862137862137862 0.07915726113344065
0.08857142857142856 0.0943578367733397
0.06282051282051282 0.07701917074807996
0.05334365325077399 0.07126502583897684
0.06536796536796537 0.11061347303632862
0.0616374269005848 0.09243066994946463
0.08084377610693398 0.07278522333484105
0.021111111111111112 0.04229525846816507
0.07928571428571429 0.06490705023391548
0.06704014939309058 0.05508205502000974
0.0 0.0
0.0948717948717949 0.10371153033926507
0.09871794871794873 0.13274648961929614
0.04603653427182839 0.07876212953236784
0.060404040404040404 0.09271142665158523
0.06357142857142857 0.08799898216273871
0.03888888888888888 0.0787635937708768
0.08228438228438228 0.10750849609636398
0.05357142857142857 0.10744006397493802
0.03333333333333334 0.06666666666666668
0.0125 0.037500000000000006
0.08398268398268398 0.0845863518605968
0.0404040404040404 0.08131156281817419
0.05818181818181818 0.08899809636742119
0.03537581699346405 0.05412672646911327
0.02761904761904762 0.05527913089878648
0.046753246753246755 0.07212178377618089
0.03216374269005848 0.04915412535481368
0.02 0.06
0.04722222222222222 0.09464847243000456
0.0858008658008658 0.0868352948626014
0.09401705845641772 0.11305283279030437
0.08356643356643358 0.1121525260489844
0.06444444444444444 0.0986075899214835
0.10540404040404042 0.10669604020491404
0.01111111111111111 0.03333333333333333
0.05345238095238096 0.08864124552466118
0.0837995337995338 0.10878622055202683
0.07272727272727272 0.08907235428302467
0.015384615384615382 0.04615384615384615
0.04 0.12
0.041666666666666664 0.08539125638299665
0.056666666666666664 0.12476644848141935
0.032098164627363736 0.03214716433719234
0.05345238095238095 0.06558745956818049
0.1588095238095238 0.13025811633348727
0.09 0.11135528725660043
0.01111111111111111 0.03333333333333333
0.11765639589169001 0.0933960418407578
0.06999999999999999 0.10770329614269007
0.043928448572411426 0.07156168888607362
0.11001633986928103 0.08155320425925607
0.08214285714285714 0.12581367824148953
0.0375 0.05728219618694799
0.0366424032956291 0.04885001074760782
0.025 0.05000000000000001
0.0125 0.037500000000000006
0.034722222222222224 0.07276770498572076
0.09865138445783606 0.07282610480766148
0.034722222222222224 0.07276770498572076
0.09395104895104896 0.11914881932384525
0.08356643356643358 0.1121525260489844
0.13371794871794873 0.11252688577364703
0.03484848484848485 0.069779266301027
0.11166666666666666 0.1499063493660189
0.03205128205128205 0.06416663464739589
0.032051282051282055 0.0641666346473959
0.013563218390804595 0.02713130679058572
0.028571428571428574 0.05714285714285714
0.04107142857142857 0.06290683912074478
0.075 0.11456439237389598
0.0527170868347339 0.08807337417337632
0.019047619047619046 0.05714285714285714
0.03333333333333334 0.06666666666666668
0.038181818181818185 0.07647178489022942
0.025 0.07500000000000001
0.16666666666666669 0.31130946058048664
0.021052631578947368 0.042105263157894736
0.04714052287581699 0.05781872615506624
0.036106689009914816 0.05324338605146485
0.1502886002886003 0.15895818594238703
0.023529411764705882 0.047058823529411764
0.03413384058545348 0.0655238024775871
0.1910708898944193 0.17516585651053643
0.01952380952380952 0.03
0.06913419913419913 0.0857020521244867
0.023529411764705882 0.047058823529411764
0.023529411764705882 0.07058823529411765
0.09444444444444444 0.15275252316519466
0.14012626262626263 0.1536536978280678