0.8849679345422379 0.09416709740204345
0.845733574131407 0.12170905978853262
0.9294632414369257 0.05525433888837399
0.9434343434343434 0.0844144744071765
0.7456274624028452 0.0473701931480855
0.9174432778450816 0.0696484373400615
0.9314285714285715 0.06865074777500993
0.9051587301587303 0.0855607457859663
0.7825854531082561 0.07828840427562012
0.8607350982350983 0.06927179360558226
0.9345959595959595 0.07806625303727123
0.8563167878820053 0.06949465254056662
0.7503546064124624 0.11186051235250764
0.8563217338217338 0.0732966031864336
0.8872812465947477 0.07527937786570613
0.9137057564860769 0.0612731402405294
0.84949849370902 0.06252267553548559
0.9089361797103732 0.06103370188309837
0.8463173058825232 0.09106183402520943
0.9234920634920636 0.08158730158730154
0.8678870552513731 0.07596652758274625
0.9170055573716901 0.05055628510668973
0.8938357256778311 0.06391289276411091
0.9068181818181819 0.0755084286937262
0.871540445316189 0.06722603666996615
0.9555555555555555 0.05443310539518171
0.8704691876750701 0.06931199654352518
0.8751335918982978 0.09665834686890334
0.836435262364055 0.10950097731647872
0.8885392385392386 0.09547695630768327
0.8887433757868541 0.07761358303054453
0.7828091154376422 0.08581682462108334
0.918888888888889 0.07167312632386724
0.8595813156571671 0.09622321035741345
0.9521886446886446 0.05289608203867466
0.7755311934912479 0.04928081380660173
0.7325725900116145 0.059982357295011904
0.9373426573426574 0.061129601722555625
0.9128018575851394 0.06256673344026943
0.8121958800819371 0.06986993613877868
0.8700092355782895 0.06920461186264426
0.8878771684112241 0.08134304702910257
0.9067550096961862 0.05598234959948273
0.8630994152046784 0.08866156199942163
0.7767521367521367 0.13140885969655905
0.9020202020202019 0.0947276044723851
0.9032201695245174 0.054343417691617456
0.8779883420672896 0.057848326302252916
0.924991674991675 0.05558638667922371
0.8878445641579515 0.07893292194574104
0.9587412587412587 0.041542228644137494
0.9512820512820512 0.06607230116269298
0.9026976944624003 0.08702334019622751
0.9377073906485671 0.08571260656387286
0.9184338296722199 0.05721139523812552
0.9295933014354066 0.07852664828558908
0.7552742982097114 0.09420568716473454
0.9311965811965812 0.05978172730867488
0.9421911421911421 0.048700286407714476
0.8855555555555557 0.1309085063585902
0.9197945845004669 0.08947469366721103
0.923992673992674 0.05872955584184602
0.8335742035742035 0.0852081346432209
0.8111876698570246 0.0833120953371661
0.9214285714285715 0.06625439416965191
0.9113491436100132 0.06602081828357627
0.8532067322456338 0.08238196496462283
0.8432539682539681 0.13339768382882225
0.9589743589743589 0.051110825257183065
0.8977760577915376 0.0680080296470707
0.9152226720647774 0.08706446747884412
0.9469683257918552 0.05309042915524714
0.9119195046439629 0.07057591142216191
0.8925757575757576 0.08508925974688596
0.8982539682539683 0.0708315437059948
0.9212698412698413 0.11039953552982142
0.8386240053050397 0.08153156423711554
0.9398319327731093 0.06904086307366562
0.8783682983682983 0.094569818886101
0.8797219085262565 0.10483287277973183
0.9215562215562215 0.12433168018300055
0.9104029304029304 0.10140464465510063
0.8442312501564511 0.067072664430145
0.8777766677766679 0.058309895649137966
0.8248884898773191 0.09069932509764395
0.8529090677946514 0.10181332699537998
0.8584763659074003 0.06556612318152996
0.8815684315684316 0.1033832248727722
0.8632722832722834 0.12469599295772645
0.826570672790185 0.03678487359456742
0.9214051890138848 0.06116171509609116
0.8782711732711732 0.08375255666266378
0.9153174603174603 0.09162460383112653
0.9147588668641301 0.05115296740712493
0.8952558715794009 0.04891412813187627
0.9034848484848486 0.07931848330430001
0.8351817742280575 0.05592482533663646
0.8425755105176684 0.051365307150773656
0.923931068931069 0.08900840583834724
0.8885585003232063 0.09593256738324686
0.8844627594627597 0.08692028571818096
0.7627716097723666 0.060801397470671585
0.8580701754385964 0.08500976173157522
0.9371148459383754 0.0775825668607053
0.8840465090465092 0.12603919713826398
0.9466666666666667 0.06970838729492494
0.9182900432900434 0.11641244217475408
0.9235037348272643 0.050095196347551676
0.8647527472527472 0.12070779879732838
0.8308913308913309 0.20987959722540114
0.8793040293040294 0.0948812229841814
0.9058945981554677 0.04236404408029808
0.9046153846153846 0.04474230400033489
0.9393939393939394 0.0660439233869799
0.9214285714285714 0.06625439416965191
0.8367777286353137 0.08098430193086355
0.9086247086247086 0.08722310465405575
0.8751526724049944 0.09667078493252482
0.8810407239819005 0.08667432807985774
0.9322644022644022 0.07515746909677555
0.7193532219395868 0.07457062056722602
0.8965501165501164 0.07633737605288601
0.9401154401154402 0.061571537449982984
0.9360606060606061 0.07189485741981812
0.8200002669235508 0.06695431535203288
0.9139799253034548 0.06883719104714339
0.9130147630147631 0.04893083350662485
0.8829101312531116 0.08136838839999815
0.868783969728242 0.0992543941130623
0.9355555555555556 0.06917503296121497
0.7584797074270758 0.08946625149851938
0.9221031746031747 0.06906496087642186
0.8901050420168068 0.08380917770613011
0.900909090909091 0.07408724247811091
0.8787956487956488 0.08032482396547369
0.9015873015873016 0.12188161155842833
0.9271013300425066 0.08380183121729257
0.9589743589743589 0.051110825257183065
0.9074592074592076 0.06922370522695197
0.9354390054390056 0.07254230433085697
0.9389285714285714 0.05698900419062837
0.8762752731631451 0.06222485864011428
0.9416666666666667 0.08093779046851926
0.8000577200577201 0.12130879725373989
0.9241417268661852 0.060528238683016995
0.8058396748886182 0.04611910249389606
0.8246666863098531 0.061671258847183504
0.880102990853092 0.08115154265155067
0.9292063492063493 0.07442464284655308
0.9465501165501167 0.07306880315356717
0.8886280386280386 0.12707120904662353
0.9395793405081332 0.05468499666828656
0.9241656838173867 0.04408063343693989
0.930021578009194 0.06021106788689721
0.9314369256474521 0.04815701122788151
0.9254803675856309 0.06874644026793847
0.8955711817293969 0.07436428314850096
0.890789584298205 0.04537518496960756
0.8968751416277654 0.07766067296014292
0.8780979055550802 0.05866608290583915
0.9164654282765738 0.04090375924438968
0.9178583714187429 0.0792684129533453
0.8900787787924219 0.06165132712952509
0.9083031107179714 0.07024629334956148
0.8672468457468456 0.05222278476260332
0.9434731934731936 0.052685938427401505
0.9296503496503495 0.08279921089985941
0.9087844611528823 0.09551204169951487
0.9177466977466976 0.07016612322025757
0.9398401598401598 0.06830972476000712
0.8638137009189641 0.10534111715099465
0.9245938375350141 0.07229678310676138
0.8282620418480873 0.051381766820331444
0.8786435786435787 0.08193437291102997
0.925034965034965 0.07383290832682708
0.8695143142714358 0.06157399824442087
0.9448329448329448 0.04570191490220036
0.898248194014448 0.07333448212495343
0.914344685242518 0.03857680294152373
0.9298675610595115 0.044616671824712816
0.9366161616161616 0.07711287684907907
0.9278499278499279 0.12668533652610678
0.9397586726998493 0.07584961217526157
0.772954822954823 0.15289815632477893
0.8662721944378292 0.1080337227265323
0.836321287408244 0.05285066101548209
0.9240869424692955 0.07680381278865493
0.9611965811965811 0.06573110805952088
0.9555555555555555 0.05443310539518171
0.9108058608058608 0.09083233577884417
0.8793772893772893 0.09512391718746183
0.8912854369124392 0.050377290924653845
0.9130684554523564 0.058169925384534686
0.9074641354517515 0.07012984682698012
0.9070707070707069 0.09977016747366263
0.8887674258109041 0.06118154372083579
0.946231546231546 0.04479165185860136
0.9378787878787879 0.055235533738055106
0.9128396972824218 0.048553706623184714
0.9064113810166441 0.07368361362601293
0.934045899061379 0.057919756925774196
0.9132289055973267 0.06620224781237724
0.9005021981802168 0.06513313303436255
0.9155977355977356 0.10698760422934554
0.882004662004662 0.07653144638012738
0.9386382245205775 0.049889994495747984
0.9191929578849084 0.06019282985839191
0.7976551720433811 0.0791924903394251
0.9464743589743589 0.038877293518811175
0.9063902763902764 0.060980197979815326
0.9327272727272728 0.11812586087840574
0.8607792207792209 0.09160298978669303
0.8230367585630743 0.08454752499465645
0.8563954002653693 0.1210800771751588
0.947209653092006 0.0581878480530536
0.9221886446886447 0.05192283546790899
0.9211666420954348 0.05412737868898543
0.9155847953216375 0.08118910078651168
0.9679487179487178 0.05416571839558364
0.9474656002751978 0.048365754041090545
0.9121153846153847 0.07086766774320254
0.9100208125208125 0.0438474007856252
0.9136630036630036 0.08091939891321856
0.9089660339660339 0.07953947521349013
0.9486868686868686 0.06828282828282828
0.9156664946680427 0.06437077331412988
0.8816323897980245 0.08971617430163818
0.9089641997149738 0.043347260907757604
0.9539238539238539 0.0467184276630837
0.9428127428127426 0.04764250452247661
0.9307070707070707 0.11868424669358248
0.9464646464646466 0.05383942614640979
0.9577777777777777 0.0684574302255527
0.8578932178932182 0.13061171626486726
0.7782947842422822 0.07572429859174123
0.8624320111619882 0.08845825067832104
0.8832867132867133 0.08673120914114976
0.8621428571428572 0.12686306232912045
0.9484848484848486 0.05198832013114249
0.9089258422736683 0.07094367385370455
0.9231778221778221 0.049773155391613755
0.9472222222222222 0.08646879120151879
0.8701816299642386 0.09364896236937943
0.9089630534135852 0.06255945117111521
0.9001082251082252 0.09723255559806555
0.9105175983436853 0.07649938502774273
0.7174654533198518 0.09606923745952793
0.9278030055375593 0.040982515687934665
0.9200041771094403 0.0474290293765273
0.897570962980574 0.05905965149637361
0.7672679343929998 0.052946865945352424
0.9061471861471861 0.06438229368300676
0.886640989729225 0.05101793614400669
0.9380219780219781 0.06921890705980413
0.8330340557275543 0.07823297427988828
0.9023809523809524 0.09335438700020705
0.8553045939268848 0.0854194911941629
0.9123018648018647 0.07198637751072921
0.8988145188145189 0.048397757614822824
0.9043370681605977 0.0348820182731956
0.9436868686868687 0.0798399231285383
0.9358026287438053 0.05025876352975393
0.8746448777139314 0.08743542178945297
0.7510498314511548 0.05604725433677818
0.929221538695223 0.047697184815003214
0.935994560994561 0.0777213087738058
0.9343997248022017 0.0396275423434977
0.9278632478632479 0.06577443707421914
0.9326482873851296 0.06296308021504862
0.893568215892054 0.04462335949670415
0.922865761689291 0.07179120236005984
0.9469696969696969 0.057195715418717805
0.8479548229548228 0.12058650109267859
0.9403296703296704 0.05770932942682819
0.905944055944056 0.09455088247569304
0.9189588189588189 0.07594525792469624
0.9098216276477146 0.061700991483913774
0.9327016156993274 0.048464588221806465
0.9270489950366111 0.058962713267251075
0.757789005215242 0.08803414825427326
0.9290476190476191 0.08822898470172144
0.8734126984126986 0.08607452957157244
0.9259383306751727 0.049379043755631805
0.857376283846872 0.10676548764306858
0.8961146739397513 0.07225274218605979
0.7682167845806648 0.05264922653093947
0.8562053417858371 0.09486101376228644
0.747087947695845 0.05317837085394529
0.8803479286451422 0.059033984370050245
0.921314929480564 0.06325799351681965
0.913609391124871 0.047245357942189294
0.8795927318295741 0.05642711754601401
0.9306028551771586 0.057436127801745465
0.9058222762789327 0.09028936193817254
0.8956240733586271 0.05552031098167544
0.8684094929837963 0.10997373453848291
0.9365440115440116 0.049575146220040646
0.90995670995671 0.09784826692648733
0.8844011544011545 0.04954580494539592
0.9451515151515151 0.07363636363636362
0.911940836940837 0.08172543645119232