0.0 0.0
0.0 0.0
0.03356643356643356 0.06742361282905705
0.0 0.0
0.00909090909090909 0.027272727272727268
0.019999999999999997 0.06
0.0 0.0
0.03333333333333334 0.10000000000000002
0.0 0.0
0.0 0.0
0.0 0.0
0.015384615384615385 0.04615384615384615
0.0 0.0
0.0 0.0
0.01818181818181818 0.05454545454545454
0.06666666666666668 0.08164965809277261
0.07352941176470588 0.09199506029565101
0.03281733746130031 0.06884212642650396
0.03928571428571429 0.08214285714285714
0.03333333333333334 0.10000000000000002
0.054404761904761914 0.09243194775609997
0.0 0.0
0.06675324675324676 0.10494310114528513
0.0 0.0
0.07064935064935064 0.087527457562125
0.0 0.0
0.0 0.0
0.0 0.0
0.0 0.0
0.0 0.0
0.0557207498383969 0.0687588368198311
0.016103059581320453 0.03233468701580969
0.0 0.0
0.019999999999999997 0.06
0.02222222222222222 0.06666666666666667
0.00909090909090909 0.027272727272727264
0.016025641025641028 0.03208331732369795
0.0 0.0
0.019999999999999997 0.06
0.011764705882352941 0.03529411764705882
0.0 0.0
0.019999999999999997 0.05999999999999999
0.0 0.0
0.019999999999999997 0.05999999999999999
0.0 0.0
0.0 0.0
0.013333333333333332 0.039999999999999994
0.0 0.0
0.0 0.0
0.011764705882352941 0.03529411764705882
0.0 0.0
0.025 0.07500000000000001
0.02222222222222222 0.06666666666666667
0.022222222222222223 0.06666666666666668
0.0 0.0
0.0 0.0
0.007999999999999998 0.023999999999999997
0.03333333333333334 0.10000000000000003
0.04857142857142857 0.0990155625780769
0.0 0.0
0.016666666666666666 0.049999999999999996
0.0 0.0
0.02222222222222222 0.06666666666666667
0.011764705882352941 0.03529411764705882
0.0 0.0
0.0 0.0
0.0 0.0
0.0 0.0
0.04 0.12
0.0 0.0
0.0 0.0
0.025 0.07500000000000001
0.0 0.0
0.0 0.0
0.03333333333333334 0.10000000000000003
0.028571428571428574 0.08571428571428573
0.03676470588235294 0.056191097572184705
0.0 0.0
0.0 0.0
0.0 0.0
0.06190476190476191 0.12426655572095133
0.0 0.0
0.03691511387163561 0.05974009135822753
0.0 0.0
0.028589673417259626 0.04741063174284109
0.014285714285714285 0.04285714285714285
0.040119047619047624 0.061412996364360685
0.0 0.0
0.04 0.12
0.01818181818181818 0.03636363636363636
0.0 0.0
0.0 0.0
0.04 0.12000000000000001
0.01666666666666667 0.05000000000000002
0.025 0.07500000000000001
0.0 0.0
0.011764705882352941 0.03529411764705882
0.03676470588235294 0.056191097572184705
0.03333333333333334 0.10000000000000003
0.025 0.07500000000000001
0.0 0.0
0.010526315789473684 0.03157894736842105
0.0 0.0
0.0 0.0
0.0 0.0
0.0 0.0
0.0 0.0
0.10433566433566432 0.1473825953752054
0.0 0.0
0.03333333333333334 0.10000000000000002
0.06666666666666668 0.13333333333333333
0.0 0.0
0.0 0.0
0.02857142857142857 0.0857142857142857
0.0 0.0
0.0 0.0
0.0 0.0
0.0 0.0
0.0 0.0
0.02857142857142857 0.0857142857142857
0.010526315789473684 0.03157894736842105
0.0 0.0
0.03333333333333334 0.10000000000000002
0.025 0.07500000000000001
0.021216931216931217 0.03245284580443213
0.019999999999999997 0.06
0.03333333333333334 0.10000000000000003
0.01818181818181818 0.05454545454545453
0.0 0.0
0.0 0.0
0.0 0.0
0.025 0.07500000000000001
0.039999999999999994 0.07999999999999999
0.0 0.0
0.0 0.0
0.0 0.0
0.0 0.0
0.02857142857142857 0.08571428571428572
0.0 0.0
0.03333333333333334 0.10000000000000003
0.0 0.0
0.0 0.0
0.0 0.0
0.05 0.15000000000000002
0.0 0.0
0.025 0.05000000000000001
0.030158730158730163 0.06287397562012177
0.01666666666666667 0.05000000000000002
0.03333333333333334 0.10000000000000002
0.0 0.0
0.0 0.0
0.04285714285714285 0.12857142857142853
0.033333333333333326 0.09999999999999996
0.053030303030303025 0.08109953752165235
0.050233100233100236 0.07698741746572273
0.06895104895104895 0.10963117072173756
0.065 0.08578072821638515
0.054404761904761914 0.06679844543793793
0.05888888888888888 0.07762683766537141
0.052500000000000005 0.06433959382319206
0.0 0.0
0.0 0.0
0.0 0.0
0.0 0.0
0.013333333333333332 0.039999999999999994
0.0 0.0
0.025 0.07500000000000001
0.0 0.0
0.0 0.0
0.0 0.0
0.0 0.0
0.0 0.0
0.05240127987954074 0.055947936286554346
0.0 0.0
0.05357142857142857 0.10744006397493802
0.013333333333333332 0.039999999999999994
0.0 0.0
0.0 0.0
0.0 0.0
0.0 0.0
0.03333333333333334 0.10000000000000002
0.0 0.0
0.02222222222222222 0.06666666666666667
0.0 0.0
0.02222222222222222 0.06666666666666667
0.0 0.0
0.02 0.060000000000000005
0.0 0.0
0.0 0.0
0.07579365079365079 0.11664844366913275
0.0 0.0
0.01666666666666667 0.05000000000000002
0.05636363636363636 0.11851700718350734
0.06222222222222222 0.09521904571390465
0.0 0.0
0.015384615384615385 0.04615384615384615
0.0 0.0
0.0 0.0
0.0 0.0
0.0 0.0
0.0 0.0
0.0 0.0
0.0 0.0
0.0 0.0
0.025 0.07500000000000001
0.02222222222222222 0.06666666666666667
0.0 0.0
0.011764705882352941 0.03529411764705882
0.015384615384615385 0.04615384615384615
0.05357142857142857 0.10744006397493802
0.02857142857142857 0.08571428571428572
0.0 0.0
0.03484848484848485 0.069779266301027
0.0 0.0
0.02222222222222222 0.06666666666666667
0.03888888888888888 0.0787635937708768
0.0 0.0
0.0 0.0
0.0 0.0
0.0 0.0
0.025 0.07500000000000001
0.0 0.0
0.0 0.0
0.0 0.0
0.0 0.0
0.0 0.0
0.0 0.0
0.0 0.0
0.0 0.0
0.0 0.0
0.0 0.0
0.0 0.0
0.0 0.0
0.03333333333333334 0.10000000000000003
0.0 0.0
0.01666666666666667 0.05000000000000002
0.0 0.0
0.0 0.0
0.0 0.0
0.0 0.0
0.07282051282051281 0.09438684092417211
0.03333333333333334 0.10000000000000003
0.0 0.0
0.055581260844418744 0.06923366826279982
0.07333333333333333 0.14742229591663988
0.015384615384615385 0.04615384615384615
0.007999999999999998 0.023999999999999997
0.01666666666666667 0.05000000000000001
0.0 0.0
0.01666666666666667 0.05000000000000001
0.0 0.0
0.01666666666666667 0.05000000000000001
0.04222222222222222 0.08459051693633013
0.0 0.0
0.0 0.0
0.03333333333333334 0.10000000000000003
0.0 0.0
0.0 0.0
0.0 0.0
0.0 0.0
0.0 0.0
0.06666666666666667 0.10183501544346311
0.019999999999999997 0.05999999999999999
0.020192307692307693 0.041790988100193716
0.01666666666666667 0.05000000000000002
0.0 0.0
0.0 0.0
0.05555555555555556 0.11385500851066221
0.0 0.0
0.0 0.0
0.02222222222222222 0.06666666666666667
0.0 0.0
0.0 0.0
0.0 0.0
0.0 0.0
0.08571428571428572 0.13093073414159542
0.0 0.0
0.0 0.0
0.0 0.0
0.007999999999999998 0.023999999999999997
0.0 0.0
0.0 0.0
0.0 0.0
0.0 0.0
0.0 0.0
0.007999999999999998 0.023999999999999997
0.01818181818181818 0.05454545454545454
0.0 0.0
0.015384615384615382 0.04615384615384615
0.0 0.0
0.0 0.0
0.038181818181818185 0.07647178489022942
0.0 0.0
0.02222222222222222 0.06666666666666667
0.0 0.0
0.019999999999999997 0.05999999999999999
0.0 0.0
0.0 0.0
0.0 0.0
0.01818181818181818 0.054545454545454536
0.0 0.0