0.12162464985994396 0.12736653711341706
0.10676947450028651 0.07269172686156758
0.08600732600732601 0.09235373001613288
0.10895104895104894 0.1164885245180894
0.09801587301587301 0.12117217978123215
0.07958780350084697 0.07164645063065214
0.09777777777777778 0.15907137927265136
0.09073517126148704 0.11127006958522175
0.10692230277908028 0.04005546363080276
0.07676470588235293 0.0841106194788261
0.03855042016806723 0.05917148364185899
0.14685286935286937 0.1094103082391277
0.08621947024423804 0.07816075196023299
0.06798692810457516 0.0774015274678424
0.11428571428571428 0.13997084244475302
0.09311145510835914 0.0665110672860069
0.06888888888888889 0.08802356586817049
0.14194211017740427 0.10581960802504616
0.10357142857142856 0.1693700814482768
0.07096530920060333 0.0895084502067946
0.022222222222222223 0.06666666666666668
0.056666666666666664 0.08698658900466592
0.10202380952380952 0.09322584006720362
0.09879327329017731 0.07125053979093067
0.11812934851359898 0.0734074717631217
0.07743589743589745 0.10394455610051101
0.09886363636363638 0.08205720557163701
0.11926286389415357 0.07401939875442606
0.09294062920223911 0.06688710274155175
0.08934065934065935 0.09731801097898143
0.13473684210526318 0.09201348811157978
0.11626706626706626 0.10337008464328842
0.0684149184149184 0.11699222673857886
0.11168831168831168 0.18331480507630013
0.10190642872269802 0.0763973754162747
0.06588345864661654 0.09237956890140729
0.11512626262626262 0.09742059324163597
0.12098333072845815 0.06719978032327532
0.09356643356643354 0.09443501225155085
0.03818181818181818 0.0764717848902294
0.12311688311688311 0.10451245748525395
0.06713286713286712 0.10757417914981487
0.09105042016806723 0.0845494485352839
0.09116946778711485 0.08212260114752777
0.047354838709677424 0.06607449801382477
0.075 0.11456439237389601
0.075 0.11456439237389601
0.0658008658008658 0.08107035873800955
0.044444444444444446 0.13333333333333336
0.07161135161135163 0.049527467346929734
0.12543859649122807 0.06014201243721354
0.11012936753648828 0.09035792317132348
0.18444444444444447 0.1713382331047475
0.07272727272727272 0.08907235428302467
0.11496031746031747 0.0685780534902307
0.02857142857142857 0.08571428571428572
0.02222222222222222 0.06666666666666667
0.07857142857142857 0.16428571428571428
0.05121136173767753 0.06675439106181678
0.061038961038961045 0.09891467025625773
0.13663509263354462 0.07097669604563502
0.04318181818181818 0.08769900627988517
0.0987402680951068 0.0764928480767511
0.06761057648865999 0.0557437550446802
0.07688375350140056 0.08428561915787869
0.07591036414565826 0.08250297040254972
0.11190476190476191 0.138750497946033
0.07488807488807489 0.08086368648841732
0.0976608187134503 0.08926704725058632
0.0911976911976912 0.11414278233938617
0.22738095238095238 0.1620491303121391
0.0642857142857143 0.11633212482073094
0.15719280719280718 0.17931597102992605
0.05 0.10000000000000002
0.04392844857241142 0.05389813386595802
0.10927090453406244 0.12000398646082143
0.12484848484848485 0.13613763539087714
0.14296037296037295 0.1358640480842403
0.07951948051948052 0.06104376404915724
0.0696969696969697 0.08549536957373265
0.1232263814616756 0.11238250756409097
0.12012432012432013 0.15055388091337746
0.0904040404040404 0.11212121212121212
0.09222222222222222 0.11372481406154654
0.19386996904024767 0.09694002825359051
0.05095238095238095 0.07888250109873442
0.05636363636363637 0.11851700718350737
0.07555555555555556 0.09372931870650285
0.046753246753246755 0.09634928307008524
0.05858585858585859 0.12136354178485324
0.06644281644281644 0.06821144992200097
0.16071428571428573 0.17294714304004646
0.0370021645021645 0.04064852656269716
0.08805860805860806 0.09969659725510531
0.06722222222222222 0.10329300288230779
0.03472906403940887 0.05575921670249754
0.046753246753246755 0.07212178377618089
0.08505494505494507 0.12466034036084524
0.09357142857142857 0.14716539355848743
0.09215229215229215 0.16901229741366391
0.1257936507936508 0.16890084171212932
0.12349650349650347 0.13435319121346365
0.09222222222222223 0.11372481406154654
0.13651515151515153 0.14842678209094637
0.06561771561771561 0.10604401878540388
0.08519005847953216 0.10252814738628378
0.12079365079365081 0.12251706346057381
0.06643892339544513 0.0736512259514899
0.08422548466026727 0.07315644863798404
0.06968325791855204 0.08821092597724887
0.15515873015873013 0.16253815180950837
0.11195970695970696 0.10213036394030069
0.16336080586080587 0.13462167916558568
0.09489621489621489 0.08078439357202333
0.1304120879120879 0.10085138226549596
0.13611416361416362 0.10172843359535652
0.09035056446821152 0.11363597512933638
0.05338345864661653 0.053562792739773796
0.0832088960679619 0.061592819150425054
0.0979153766769866 0.10273209654385713
0.06753955968352253 0.07270666880827818
0.10142623716153128 0.07362247045761316
0.049616368286445015 0.08433074821024847
0.09151515151515151 0.09212121212121213
0.07660256410256411 0.07735522308880637
0.0696969696969697 0.08549536957373265
0.07970681936199178 0.06857702235104039
0.09555555555555555 0.15138863404667643
0.13115099265538474 0.10786668599966658
0.06262626262626263 0.09623034637425902
0.1265597147950089 0.0850978973299681
0.073015873015873 0.15028317941009048
0.13426573426573427 0.1265251231093554
0.06627794977640179 0.07363222330839712
0.051515151515151514 0.0787878787878788
0.08666666666666667 0.1455343496002928
0.1096969696969697 0.11700109485960851
0.17204002653693057 0.11101776105424416
0.11100732600732602 0.07936176404271084
0.11278721278721278 0.13390523084515318
0.07401837928153718 0.08163845963007474
0.10444444444444442 0.13772400384307704
0.09676767676767675 0.1712493925642575
0.10629072681704262 0.08962271176868254
0.13500589418209558 0.12612130927567358
0.12811771561771562 0.14192890442890443
0.11976911976911978 0.17745632563553076
0.14525252525252524 0.15548063261924833
0.0746102667542296 0.07970180129103627
0.06869047619047619 0.06887920758904852
0.08953823953823954 0.0913856641797464
0.12772727272727274 0.08783188403465007
0.0715151515151515 0.08801661083731536
0.04444444444444444 0.08888888888888888
0.10444444444444445 0.13772400384307706
0.08222222222222222 0.13482498944104457
0.04445779029581293 0.04044300796540714
0.051883753501400565 0.06382204377718559
0.0654040404040404 0.1010760517023289
0.06444444444444444 0.09860758992148352
0.11131996658312446 0.11112290218276727
0.14874871001031992 0.08999572689094695
0.15 0.1606314699422329
0.14968008255933954 0.12296853491891559
0.13531512605042018 0.13109652580619713
0.13650793650793652 0.13768411709334247
0.11844169246646026 0.13741533616144921
0.05588343108504399 0.0648686943894093
0.16003132832080197 0.14109198232386103
0.16343137254901957 0.11039999275640894
0.1327691778465772 0.13376630755736893
0.10635794601311843 0.032926475761465956
0.13344771241830067 0.09934651407157781
0.13303030303030305 0.11795977587126737
0.1158008658008658 0.10771920718671342
0.09166666666666666 0.11252571722516164
0.07532467532467532 0.1181461341874718
0.08636363636363636 0.10794856442761744
0.06433566433566433 0.14306810464385367
0.1 0.11814539065631523
0.042703009356235166 0.05483949886621749
0.03928571428571429 0.08214285714285714
0.061021180401985356 0.06181984983701631
0.1657936507936508 0.14270249565993476
0.10563492063492066 0.07748442410469332
0.10424590888987173 0.12503726504605664
0.11177156177156178 0.15607662108759734
0.10008658008658007 0.12869669004202514
0.11722222222222223 0.11809835825371251
0.1257936507936508 0.16890084171212932
0.12422053350845921 0.10905946713217474
0.07176470588235294 0.1044058269507442
0.02549923195084485 0.043247319575557344
0.11833333333333336 0.15283433296656004
0.12093137254901962 0.11709429989235948
0.092481532050315 0.08115237042359004
0.09043956043956045 0.10124908550803055
0.031529982809181914 0.05659949341988346
0.04666666666666667 0.10349449797506682
0.03833333333333333 0.05859465277082315
0.09733660130718953 0.0891676727442011
0.10158730158730159 0.16049809091764491
0.13094017094017094 0.11519947159398622