0.0 0.0
0.0 0.0
0.0 0.0
0.0 0.0
0.0 0.0
0.007692307692307691 0.023076923076923075
0.0 0.0
0.0 0.0
0.0 0.0
0.0 0.0
0.0 0.0
0.0 0.0
0.0 0.0
0.0 0.0
0.0 0.0
0.0125 0.037500000000000006
0.0 0.0
0.0 0.0
0.0 0.0
0.0 0.0
0.009523809523809523 0.02857142857142857
0.0 0.0
0.0 0.0
0.0 0.0
0.011111111111111112 0.03333333333333334
0.0 0.0
0.0 0.0
0.0 0.0
0.0 0.0
0.0 0.0
0.0 0.0
0.028571428571428574 0.08571428571428572
0.0 0.0
0.0 0.0
0.0 0.0
0.0 0.0
0.0 0.0
0.0 0.0
0.0 0.0
0.0 0.0
0.0 0.0
0.0 0.0
0.0 0.0
0.0 0.0
0.01142857142857143 0.034285714285714294
0.0 0.0
0.0 0.0
0.0 0.0
0.0 0.0
0.0 0.0
0.0 0.0
0.0 0.0
0.0 0.0
0.0 0.0
0.0 0.0
0.0 0.0
0.0 0.0
0.0 0.0
0.0 0.0
0.0 0.0
0.0 0.0
0.0 0.0
0.0 0.0
0.0 0.0
0.0 0.0
0.0 0.0
0.0 0.0
0.0 0.0
0.0 0.0
0.0 0.0
0.0 0.0
0.0 0.0
0.0 0.0
0.0 0.0
0.0 0.0
0.0 0.0
0.022222222222222223 0.06666666666666668
0.0 0.0
0.0 0.0
0.0 0.0
0.0 0.0
0.0 0.0
0.016666666666666666 0.049999999999999996
0.016666666666666666 0.049999999999999996
0.0 0.0
0.0 0.0
0.02 0.06
0.0 0.0
0.0 0.0
0.01818181818181818 0.05454545454545454
0.0 0.0
0.0 0.0
0.0 0.0
0.0 0.0
0.0 0.0
0.0 0.0
0.01818181818181818 0.05454545454545454
0.0 0.0
0.0 0.0
0.0 0.0
0.0 0.0
0.019999999999999997 0.05999999999999999
0.0 0.0
0.0 0.0
0.0 0.0
0.0 0.0
0.0 0.0
0.0 0.0
0.0 0.0
0.0 0.0
0.0 0.0
0.01111111111111111 0.03333333333333333
0.0 0.0
0.02105263157894737 0.06315789473684211
0.0 0.0
0.0 0.0
0.0 0.0
0.0 0.0
0.0 0.0
0.0 0.0
0.0 0.0
0.0 0.0
0.0 0.0
0.0 0.0
0.0 0.0
0.0 0.0
0.0 0.0
0.0 0.0
0.0 0.0
0.0 0.0
0.0 0.0
0.0 0.0
0.0 0.0
0.011764705882352941 0.03529411764705882
0.0 0.0
0.0 0.0
0.0 0.0
0.0 0.0
0.0 0.0
0.0 0.0
0.0 0.0
0.0 0.0
0.0 0.0
0.0 0.0
0.0 0.0
0.0 0.0
0.0 0.0
0.0 0.0
0.0 0.0
0.0 0.0
0.0 0.0
0.0 0.0
0.0 0.0
0.0 0.0
0.0 0.0
0.0 0.0
0.01142857142857143 0.034285714285714294
0.011764705882352941 0.03529411764705882
0.0 0.0
0.0 0.0
0.0 0.0
0.0 0.0
0.0 0.0
0.0 0.0
0.0 0.0
0.0 0.0
0.0 0.0
0.011764705882352941 0.03529411764705882
0.0 0.0
0.0 0.0
0.0 0.0
0.0 0.0
0.0 0.0
0.0 0.0
0.0 0.0
0.0 0.0
0.0 0.0
0.0 0.0
0.0 0.0
0.0 0.0
0.0 0.0
0.0 0.0
0.0 0.0
0.0 0.0
0.0 0.0
0.0 0.0
0.0 0.0
0.0 0.0
0.0 0.0
0.0 0.0
0.0 0.0
0.0 0.0
0.01142857142857143 0.034285714285714294
0.0 0.0
0.0 0.0
0.010526315789473686 0.031578947368421054
0.0 0.0
0.006666666666666666 0.019999999999999997
0.0 0.0
0.0 0.0
0.0 0.0
0.0 0.0
0.0 0.0