0.0 0.0
0.0 0.0
0.0 0.0
0.03333333333333334 0.10000000000000003
0.0 0.0
0.0 0.0
0.0 0.0
0.0 0.0
0.0 0.0
0.0 0.0
0.0 0.0
0.07142857142857144 0.07142857142857144
0.01111111111111111 0.03333333333333333
0.0 0.0
0.05714285714285714 0.11428571428571428
0.0125 0.037500000000000006
0.0 0.0
0.028571428571428574 0.05714285714285714
0.05714285714285714 0.11428571428571428
0.026666666666666665 0.07999999999999999
0.02857142857142857 0.0857142857142857
0.0 0.0
0.0 0.0
0.0 0.0
0.0 0.0
0.0 0.0
0.01818181818181818 0.05454545454545454
0.0 0.0
0.0 0.0
0.0 0.0
0.0 0.0
0.01818181818181818 0.05454545454545454
0.0 0.0
0.02857142857142857 0.0857142857142857
0.0 0.0
0.0 0.0
0.019999999999999997 0.05999999999999999
0.0 0.0
0.0 0.0
0.0 0.0
0.0 0.0
0.0 0.0
0.0 0.0
0.0 0.0
0.0 0.0
0.025 0.07500000000000001
0.05 0.10000000000000002
0.01666666666666667 0.05000000000000001
0.02222222222222222 0.06666666666666667
0.009523809523809523 0.02857142857142857
0.0 0.0
0.0 0.0
0.0 0.0
0.0 0.0
0.0 0.0
0.0 0.0
0.0 0.0
0.0 0.0
0.010526315789473684 0.03157894736842105
0.0 0.0
0.011764705882352941 0.03529411764705882
0.025 0.07500000000000001
0.0 0.0
0.01956989247311828 0.029898661075312843
0.0 0.0
0.011764705882352941 0.03529411764705882
0.05 0.15000000000000002
0.0 0.0
0.0 0.0
0.0 0.0
0.02857142857142857 0.08571428571428572
0.0 0.0
0.0 0.0
0.0 0.0
0.034055727554179564 0.052119159161656874
0.020526315789473684 0.04106949721031453
0.02222222222222222 0.06666666666666667
0.019999999999999997 0.06
0.0 0.0
0.0 0.0
0.053030303030303025 0.08109953752165235
0.0 0.0
0.05357142857142857 0.10744006397493802
0.12777777777777777 0.16442942874387492
0.0 0.0
0.0 0.0
0.0 0.0
0.02222222222222222 0.06666666666666667
0.0 0.0
0.0 0.0
0.0 0.0
0.02857142857142857 0.0857142857142857
0.013333333333333332 0.026666666666666665
0.0 0.0
0.04722222222222222 0.09464847243000457
0.0 0.0
0.05636363636363637 0.08622476873730456
0.0 0.0
0.025 0.07500000000000001
0.0 0.0
0.025 0.07500000000000001
0.0 0.0
0.0 0.0
0.04722222222222222 0.09464847243000456
0.0 0.0
0.0 0.0
0.022222222222222223 0.06666666666666668
0.0 0.0
0.029047619047619044 0.044388002709972195
0.0419047619047619 0.06405779703161996
0.02857142857142857 0.08571428571428572
0.015384615384615385 0.04615384615384615
0.01666666666666667 0.05000000000000002
0.0 0.0
0.0 0.0
0.0 0.0
0.0 0.0
0.021052631578947368 0.0631578947368421
0.0 0.0
0.011764705882352941 0.03529411764705882
0.0 0.0
0.0 0.0
0.0 0.0
0.0 0.0
0.0 0.0
0.0 0.0
0.0 0.0
0.0 0.0
0.0 0.0
0.02222222222222222 0.06666666666666667
0.01818181818181818 0.05454545454545454
0.08571428571428572 0.13093073414159542
0.01666666666666667 0.05000000000000002
0.0 0.0
0.0 0.0
0.02222222222222222 0.06666666666666667
0.0 0.0
0.011764705882352941 0.03529411764705882
0.0 0.0
0.0 0.0
0.0 0.0
0.02222222222222222 0.06666666666666667
0.0 0.0
0.01818181818181818 0.05454545454545454
0.0 0.0
0.03636363636363636 0.07272727272727272
0.04222222222222222 0.08459051693633013
0.02222222222222222 0.06666666666666667
0.0 0.0
0.0 0.0
0.01818181818181818 0.05454545454545454
0.0 0.0
0.0 0.0
0.025 0.07500000000000001
0.02222222222222222 0.06666666666666667
0.02222222222222222 0.06666666666666667
0.0 0.0
0.013333333333333332 0.039999999999999994
0.09675324675324676 0.12086297891742839
0.0 0.0
0.0 0.0
0.0 0.0
0.0 0.0
0.0 0.0
0.0 0.0
0.05714285714285714 0.11428571428571428
0.014285714285714287 0.04285714285714286
0.0 0.0
0.0 0.0
0.0 0.0
0.0 0.0
0.0 0.0
0.0 0.0
0.14757242757242756 0.16809392080622595
0.0 0.0
0.0 0.0
0.01666666666666667 0.05000000000000002
0.0 0.0
0.0 0.0
0.0 0.0
0.013333333333333332 0.026666666666666665
0.0 0.0
0.0 0.0
0.0 0.0
0.0 0.0
0.0 0.0
0.0 0.0
0.0 0.0
0.05 0.10000000000000002
0.10944444444444446 0.17327723451163457
0.0 0.0
0.0 0.0
0.0 0.0
0.05 0.10000000000000002
0.0 0.0
0.0 0.0
0.04395604395604395 0.09272537630650102
0.0 0.0
0.01666666666666667 0.05000000000000001
0.0 0.0
0.0 0.0
0.08571428571428572 0.13093073414159542
0.0 0.0