0.23468253968253966 0.23209531462700084
0.5402564102564102 0.24703880039519371
0.6654256854256854 0.17381332085652815
0.6896031746031747 0.3862372263406751
0.03333333333333334 0.10000000000000003
0.5403535353535354 0.3339610289850097
0.5188373906794961 0.17474878237512378
0.5475388010682127 0.16366781194816096
0.5408270676691729 0.24158645556667327
0.4907439619204325 0.1362456130901573
0.6729612054612055 0.21058252392993923
0.680085586927692 0.21147246492765215
0.7007474225121283 0.21602474541322966
0.6277777777777778 0.42002351492079554
0.4855003543790729 0.10661535856628777
0.6492784992784993 0.31489587996673013
0.691660724896019 0.23128595296488424
0.4065714285714286 0.3025863419440239
0.7719413919413919 0.15933756049363434
0.6891741591741593 0.1432018367937776
0.6355630480630481 0.2448357061421852
0.7511080586080586 0.22903543867274148
0.5886075036075036 0.32074759465566705
0.4890309106098581 0.17559457620286675
0.5059549274255157 0.18819123432570503
0.6439105339105339 0.319612852260821
0.6055977355977356 0.37000788156229864
0.6760600218494955 0.198066696578415
0.6523088023088023 0.31164992949501846
0.6485114885114884 0.287054003819651
0.07333333333333333 0.14742229591663988
0.6372695218438252 0.2948162606743122
0.6171723426212591 0.29036040264881674
0.6686507936507936 0.266216314729712
0.6647611865258924 0.2901986055406847
0.7093981018981019 0.16334193085406937
0.6397619047619048 0.3864426544392687
0.6924603174603174 0.40487568428826537
0.13333333333333336 0.22110831935702666
0.6249206349206349 0.3109783082281794
0.6200088800088801 0.30622190832155183
0.7056871233341822 0.16364982948424597
0.6564113810166441 0.2927637196336306
0.13166666666666668 0.16473041950748235
0.6861111111111111 0.35292237292378287
0.6692857142857143 0.34919806086844996
0.10436507936507936 0.12892917600878342
0.16833333333333336 0.22366269246345044
0.07579365079365079 0.11664844366913275
0.10714285714285714 0.13170777796132696
0.543050838050838 0.3315974109001141
0.125 0.1547847968417226
0.11777777777777779 0.1816386318837284
0.06190476190476191 0.12426655572095131
0.10714285714285716 0.17276266603496893
0.13690476190476192 0.17827356109371356
0.09047619047619047 0.138750497946033
0.05357142857142857 0.10744006397493802
0.05714285714285714 0.11428571428571428
0.09166666666666667 0.1416666666666667
0.16341269841269843 0.17309829477006805
0.17929292929292928 0.16847721619874562
0.6932786657786658 0.2193786881815354
0.46250111967570573 0.13193621125340527
0.5066385807175281 0.19197778081672817
0.4656571464311402 0.18988510478973197
0.48885477267830213 0.2053786126501027
0.31676653755601125 0.2131742479354645
0.2717171717171717 0.25703597630088215
0.6674963924963925 0.22564212975920775
0.2550505050505051 0.19429733382955133
0.2771522595052006 0.2317355732103565
0.06666666666666668 0.13333333333333336
0.15912698412698414 0.25194162871219933
0.16796536796536796 0.278007026706694
0.20246031746031745 0.24249907465673481
0.09523809523809525 0.14599723539767517
0.10158730158730159 0.16049809091764491
0.06666666666666668 0.13333333333333333
0.6670202020202021 0.3026788407953854
0.11190476190476191 0.17819006897207296
0.47270053475935825 0.1836368686822899
0.34285714285714286 0.3491486243775878
0.13333333333333336 0.1777777777777778
0.09047619047619047 0.138750497946033
0.0 0.0
0.06666666666666668 0.13333333333333336
0.03333333333333334 0.10000000000000003
0.09047619047619049 0.18862192686036533
0.04 0.12
0.2188888888888889 0.26546255926282786
0.13206521739130433 0.2646024812097986
0.19738064791133844 0.2290128220492089
0.26143578643578647 0.16425008295692928
0.4022804972804973 0.2622128210822033
0.2993145743145743 0.2473631342255951
0.23756132756132758 0.249465495587822
0.32372846108140224 0.23487202865799062
0.2912787212787213 0.23831621444887766
0.2954396910279263 0.30978411823860197
0.31850406903038475 0.24424848089394333
0.3574481074481074 0.22654710309887222
0.1142857142857143 0.18952141659173713
0.1616883116883117 0.2119799202550344
0.06666666666666668 0.13333333333333336
0.06666666666666668 0.13333333333333336
0.06666666666666668 0.13333333333333336
0.06666666666666668 0.13333333333333336
0.06666666666666668 0.13333333333333336
0.075 0.11456439237389598
0.7440476190476191 0.33499796933083387
0.7146031746031747 0.39727073423696735
0.0 0.0
0.1 0.16583123951777
0.20277777777777778 0.26479959811241
0.6806264323911383 0.23405736528260307
0.1 0.1527525231651947
0.06666666666666668 0.13333333333333336
0.03333333333333334 0.10000000000000003
0.03333333333333334 0.10000000000000003
0.12380952380952381 0.1523809523809524
0.0 0.0
0.0 0.0
0.6992063492063492 0.3755981204662207
0.7066666666666667 0.33326665999866634
0.6590797437856261 0.1890481133131475
0.633892773892774 0.1303729082765274
0.6940725940725941 0.17036818854667765
0.6648840048840049 0.17753666947810778
0.6555344655344655 0.1456058355904818
0.6435453435453435 0.2590026142903336
0.6626923076923077 0.13950279182990077
0.6066544566544566 0.2991704320258802
0.6460317460317462 0.18395509736564475
0.6001964701964703 0.24985916171163117
0.6325829725829726 0.14992847212544863
0.13214285714285712 0.17353615161794772
0.6746031746031746 0.3998653401451958
0.6831746031746031 0.3470121904450337
0.6892857142857143 0.4034449865134739
0.16963924963924965 0.1735370021920678
0.18714285714285714 0.18385886335081333
0.1942735042735043 0.23453653338446204
0.11676767676767677 0.17045717169694005
0.14675324675324675 0.1998312663160349
0.12176767676767675 0.173530892394534
0.16333333333333333 0.18108384252796098
0.23055555555555554 0.2819163915983813
0.2003968253968254 0.21172968512138873
0.23226218226218226 0.2461289892530096
0.22621212121212123 0.20376825159260317
0.15 0.22912878474779202
0.14523809523809522 0.2097941978277208
0.13994949494949496 0.22021574069941197
0.2066666666666667 0.18836201027165816
0.16343434343434343 0.16509794330821814
0.2878239888766204 0.18786550257202062
0.13494949494949496 0.18916859321114574
0.18136363636363634 0.22796666785495762
0.12676767676767678 0.1764094494282168
0.19838086749851455 0.20229869712567025
0.1927777777777778 0.2375030863996986
0.18772727272727271 0.25475681160245983
0.2035714285714286 0.25905161888057365
0.15847890671420084 0.14073137853114434
0.16176767676767678 0.22532544568652071
0.21171717171717175 0.2523826668159518
0.4908297258297257 0.3023027555040354
0.42784992784992787 0.39547326374947367
0.5607142857142857 0.33130548138457483
0.5251948051948052 0.32814131513739525
0.46943722943722943 0.3392830015702431
0.4781313131313131 0.35903834376375904
0.06666666666666668 0.13333333333333336
0.06666666666666668 0.13333333333333336
0.06190476190476191 0.12426655572095134
0.06666666666666668 0.13333333333333336
0.09166666666666667 0.1416666666666667
0.03333333333333334 0.10000000000000003
0.03333333333333334 0.10000000000000003
0.02222222222222222 0.06666666666666667
0.3648032961190856 0.26554667116875263
0.3415501165501166 0.2591496500813203
0.2685419808949221 0.23508499691302592
0.28605760252819074 0.2678286403584558
0.31826923076923075 0.19820979164175107
0.3086907536907537 0.24864020982055834
0.6114285714285714 0.3704619085670868
0.6248773448773449 0.2820980885349795
0.25504787610050766 0.1984222571155963
0.517483839689722 0.2165472009952966
0.4628895018025453 0.18193469638700832
0.3941129484550537 0.27821680057524195
0.5578060828060828 0.30390408181033474
0.13947033358798064 0.11003927715650794
0.08571428571428572 0.18294640678379567
0.04000000000000001 0.12000000000000002
0.17333333333333334 0.22939534045447002
0.24714285714285716 0.2610153730018802
0.18333333333333335 0.18929694486000914
0.14357142857142857 0.18654894854724224
0.2825396825396826 0.24516488350867077
0.2729365079365079 0.2617446480273762
0.24158730158730163 0.20826679209452095
0.125 0.21489661597046045
0.1622222222222222 0.22400396821881924
0.7329365079365079 0.3642072485262515
0.17928571428571433 0.23539913997727527
0.06000000000000001 0.128062484748657
0.198989898989899 0.18981999216512685
0.12000000000000002 0.18330302779823363
0.09487179487179487 0.199950684255199
0.27497502497502496 0.2605034942125261
0.16 0.2568181371234429
0.48391053391053396 0.32960120915815144
0.5370346320346321 0.18044291383378558
0.47150793650793654 0.1780084423361935
0.4785064935064935 0.19306903227777675
0.48357142857142854 0.21055229600748263
0.46053058053058055 0.24582565787365504
0.33115763546798027 0.23540057230671269
0.18960317460317463 0.19630770692316205
0.22615384615384615 0.2676867815521556
0.5645238095238095 0.20115753776893314
0.16478354978354978 0.16027626405467835
0.0869047619047619 0.13405945985088188
0.44722222222222224 0.24387876465951652
0.022222222222222223 0.06666666666666668
0.0 0.0
0.0 0.0
0.0 0.0
0.05 0.15000000000000002
0.0 0.0
0.0 0.0
0.7691452991452992 0.16729716376473816
0.7203463203463203 0.16420798485133908
0.0 0.0
0.03333333333333334 0.10000000000000003
0.01818181818181818 0.05454545454545454
0.12571428571428572 0.20251480167622118
0.10666666666666669 0.1638427430325934
0.19880952380952382 0.1739928908809136
0.13333333333333336 0.22110831935702666
0.7680952380952382 0.161434424204431
0.7803968253968254 0.18283277022866698
0.7412698412698413 0.26915646063645426
0.7603174603174604 0.1512232810304802
0.8006349206349206 0.11014020245818902
0.21023809523809525 0.1894850037376874
0.24802836052836055 0.32003032261689873
0.3952380952380953 0.33738206322885833
0.36136363636363644 0.29133677613872405
0.7122727272727272 0.22134123463277317
0.4903094274146905 0.26536372425509297
0.15357142857142855 0.16831245239925968
0.21626984126984125 0.15816616070302267
0.10714285714285714 0.13170777796132696
0.10888888888888888 0.17790273386333721
0.6810606060606061 0.16417470524866296
0.6275796425796425 0.3129931164972418
0.2085897435897436 0.25020646379938405
0.09494949494949495 0.22094213495222045
0.6012232212232212 0.2668974902821662
0.5487666281087333 0.29567277332064
0.4899864746536574 0.28336472144789665
0.45415306915306913 0.22870199903700109
0.4575441225441225 0.2032895315577292
0.44510245310245306 0.15000801870918443
0.46216450216450217 0.1902576914821554
0.6305050505050505 0.27038681493528466
0.485831017967241 0.28794159616917403
0.429024864024864 0.29835485860792904
0.7095238095238094 0.3311236281856931
0.726984126984127 0.3766824189510145
0.6880952380952381 0.36810427307747834
0.6981746031746032 0.33082808560069715
0.20595238095238097 0.22663177502558457
0.3186147186147186 0.19213062976708936
0.36770540627318116 0.2092335707629932
0.4053183016960107 0.17294502104253734
0.44834067551084045 0.21002515047839904
0.3963093504512269 0.15193392956435928
0.4069019188286923 0.19174267806367737
0.4897029407374235 0.11320133620454403
0.4537301587301588 0.1985904124761254
0.6596961861667744 0.23449893474393357
0.6110067710067709 0.3082655379156144
0.749542402042402 0.1387065771913563
0.7171736596736598 0.12900747305615848
0.6840198853434146 0.2104650597498849
0.6784632034632035 0.18943873929018354
0.6328968253968255 0.2788895241024106
0.12380952380952381 0.19886298112210574
0.22896853146853147 0.27080700664885854
0.15388888888888888 0.21897699862297393
0.13263305322128854 0.22900084785876648
0.09285714285714286 0.22848460652635036
0.23216374269005846 0.2277022839113148
0.20278797483905847 0.20421597220227805
0.2902991452991453 0.2421865454849592
0.3408730158730159 0.21135898146901408
0.3001098901098901 0.2098158649986096
0.41730158730158734 0.2522645733470842
0.3219047619047619 0.23918038430403873
0.5497513597513597 0.12860904115882088
0.7075757575757575 0.2865929105506984
0.512870813397129 0.25595995085188583
0.6574603174603174 0.3652691363229494
0.7333333333333334 0.3407193788696413
0.2673160173160173 0.1707857772568789
0.21446608946608942 0.19286547313590083
0.6690476190476191 0.3586397203038055
0.6496031746031746 0.4321428571428571
0.06666666666666668 0.13333333333333336
0.07333333333333333 0.14742229591663988
0.06190476190476191 0.12426655572095133
0.6340476190476191 0.3934642495148174
0.6601948051948052 0.3415700518988619
0.23480186480186477 0.21356658240248336
0.2329215229215229 0.14497081269214313
0.1979906204906205 0.18338848395990415
0.23001443001443 0.2442613600250239
0.23949619008442533 0.14896922641733773
0.2186213786213786 0.16805581407364473
0.2889072039072039 0.1403617992063178
0.3144216652912305 0.14711839141119232
0.2968699601052542 0.14404760216641552
0.29900707136001253 0.20646972680989556
0.2369169427064164 0.12079042325494922
0.2531501831501832 0.15570104973978063
0.20787545787545786 0.17697700889664886
0.2873015873015873 0.24633366012147742
0.16666666666666669 0.21081851067789195
0.2332367632367632 0.16862703671091023
0.3100371609067262 0.1499193329276173
0.6677777777777777 0.39127679571397733
0.08412698412698413 0.13090186615885196
0.17444444444444446 0.1787335419342035
0.13222222222222224 0.14126413400278062
0.1357936507936508 0.14460851052131318
0.09523809523809525 0.14599723539767517
0.09047619047619047 0.138750497946033
0.06190476190476191 0.12426655572095131
0.1322222222222222 0.1896195020443719
0.11222222222222222 0.1443760521847181
0.12398989898989898 0.20095187852799537
0.13857142857142857 0.14649649992336308
0.09047619047619047 0.138750497946033
0.14079365079365078 0.14757603059865865
0.12936507936507935 0.13049704386709257
0.03333333333333334 0.10000000000000003
0.14079365079365078 0.14757603059865865
0.12936507936507935 0.1304970438670926
0.14222222222222222 0.16189845926107854
0.0 0.0
0.06190476190476191 0.12426655572095131
0.0 0.0
0.6984343434343435 0.11587105733691508
0.3170214752567694 0.18361437979479933
0.3306898656898657 0.15845488963735077
0.0 0.0
0.2671184371184371 0.2127293353555242
0.26987012987012987 0.24977831290885763
0.18786842786842786 0.13939232734621662
0.16877029403345192 0.21503842468199905
0.3068364315423139 0.27398171163907575
0.40470418470418473 0.24918177602815286
0.6188888888888889 0.41531781672460055
0.6492063492063492 0.42836267696706787
0.6515262515262514 0.24653191629181245
0.09047619047619049 0.18862192686036533
0.6812698412698412 0.38574289527446143
0.04 0.12
0.02857142857142857 0.0857142857142857
0.6758658008658008 0.3350942214475697
0.06666666666666668 0.13333333333333336
0.06666666666666668 0.13333333333333336
0.06666666666666668 0.13333333333333336
0.05555555555555556 0.11385500851066221
0.08571428571428572 0.13093073414159542
0.06666666666666668 0.13333333333333336
0.06190476190476191 0.12426655572095131
0.08055555555555556 0.12573855886395863
0.19761904761904764 0.249727742908615
0.15969696969696973 0.1807331259341169
0.05714285714285714 0.11428571428571428
0.608572392519761 0.2531520606801571
0.6600991818638877 0.21401006542000015
0.15645021645021645 0.2013697402928664
0.08412698412698413 0.13090186615885196
0.6492854024200774 0.27476888225484764
0.6377519444779506 0.21416812628379492
0.6602047445158901 0.16963758254182212
0.5949980574980576 0.3042021155560631
0.6328404344193819 0.14724329831659047
0.11666666666666667 0.18333333333333335
0.1 0.1527525231651947
0.08888888888888889 0.13877773329774218
0.23192640692640695 0.25975561372368045
0.1069047619047619 0.134520438221557
0.03333333333333334 0.10000000000000003
0.05357142857142857 0.10744006397493802
0.05555555555555556 0.11385500851066221
0.04722222222222222 0.09464847243000456
0.1 0.1527525231651947
0.0 0.0
0.0 0.0
0.04 0.12
0.04 0.12
0.07333333333333333 0.14742229591663988
0.7453524253524254 0.2751241348006987
0.6819317936964996 0.279735443752922
0.6660317460317461 0.2394492715393295
0.7045537958773254 0.28561839688395485
0.7324603174603175 0.2384451000956765
0.3963324979114452 0.19210736014803154
0.16553030303030303 0.2226582971713724
0.04 0.12
0.06666666666666668 0.13333333333333336
0.16129870129870127 0.266530591581803
0.04 0.12
0.10055555555555558 0.1272319258793286
0.06666666666666668 0.13333333333333336
0.25757246629997055 0.16217922314941188
0.10595223155271613 0.0778592986734658
0.21523163709928417 0.1810504593296797
0.31338829188592 0.17776316937547681
0.03333333333333334 0.10000000000000003
0.03333333333333334 0.10000000000000003