0.0 0.0
0.0 0.0
0.0 0.0
0.0 0.0
0.03333333333333334 0.10000000000000003
0.0 0.0
0.0 0.0
0.0 0.0
0.0 0.0
0.0 0.0
0.0 0.0
0.0 0.0
0.0 0.0
0.0 0.0
0.0 0.0
0.0 0.0
0.0 0.0
0.0 0.0
0.0 0.0
0.0 0.0
0.0 0.0
0.0 0.0
0.0 0.0
0.0 0.0
0.0 0.0
0.005797101449275362 0.01739130434782609
0.0 0.0
0.0 0.0
0.0 0.0
0.0 0.0
0.11746031746031749 0.1467202540735409
0.0 0.0
0.0 0.0
0.0 0.0
0.0 0.0
0.0 0.0
0.0 0.0
0.0 0.0
0.058333333333333334 0.11814539065631521
0.0 0.0
0.005263157894736842 0.015789473684210523
0.0 0.0
0.0 0.0
0.0017391304347826088 0.0052173913043478265
0.0 0.0
0.0 0.0
0.04675324675324675 0.09634928307008522
0.05714285714285714 0.11428571428571428
0.05714285714285714 0.11428571428571428
0.05357142857142857 0.10744006397493802
0.0 0.0
0.09047619047619047 0.138750497946033
0.0 0.0
0.05714285714285714 0.11428571428571428
0.08571428571428572 0.13093073414159542
0.0 0.0
0.05714285714285714 0.11428571428571428
0.08214285714285714 0.12581367824148953
0.02857142857142857 0.0857142857142857
0.02857142857142857 0.0857142857142857
0.0 0.0
0.0 0.0
0.0 0.0
0.0 0.0
0.0 0.0
0.0 0.0
0.0 0.0
0.0 0.0
0.0 0.0
0.0 0.0
0.0 0.0
0.0 0.0
0.03333333333333334 0.10000000000000003
0.05714285714285714 0.11428571428571428
0.0 0.0
0.025 0.07500000000000001
0.08571428571428572 0.13093073414159542
0.07857142857142857 0.12037356818823368
0.08484848484848487 0.13538368426477987
0.0 0.0
0.06190476190476191 0.12426655572095131
0.0 0.0
0.0 0.0
0.02222222222222222 0.06666666666666667
0.03333333333333334 0.10000000000000003
0.06666666666666668 0.13333333333333336
0.08333333333333334 0.1343709624716425
0.1 0.1527525231651947
0.02857142857142857 0.0857142857142857
0.08523809523809524 0.14026942006040247
0.0 0.0
0.0 0.0
0.011764705882352941 0.03529411764705882
0.0 0.0
0.0 0.0
0.0 0.0
0.0 0.0
0.0 0.0
0.0 0.0
0.0 0.0
0.0 0.0
0.0 0.0
0.0015748031496062992 0.004724409448818898
0.02857142857142857 0.0857142857142857
0.06190476190476191 0.12426655572095133
0.0 0.0
0.09047619047619047 0.138750497946033
0.02857142857142857 0.0857142857142857
0.02857142857142857 0.0857142857142857
0.05 0.10000000000000002
0.0 0.0
0.0 0.0
0.0 0.0
0.0 0.0
0.0 0.0
0.0 0.0
0.06666666666666668 0.13333333333333336
0.10666666666666669 0.16384274303259344
0.0 0.0
0.09826839826839825 0.15113185903331167
0.08484848484848485 0.13538368426477987
0.06666666666666668 0.13333333333333336
0.08484848484848485 0.13538368426477987
0.03333333333333334 0.10000000000000002
0.0 0.0
0.0 0.0
0.0 0.0
0.0 0.0
0.0 0.0
0.0 0.0
0.0 0.0
0.0 0.0
0.0 0.0
0.0 0.0
0.0 0.0
0.0 0.0
0.05357142857142857 0.10744006397493802
0.0 0.0
0.0 0.0
0.0 0.0
0.04444444444444444 0.08888888888888888
0.0 0.0
0.025 0.07500000000000001
0.025 0.07500000000000001
0.0 0.0
0.0 0.0
0.02222222222222222 0.06666666666666667
0.025 0.07500000000000001
0.02222222222222222 0.06666666666666667
0.025 0.07500000000000001
0.0 0.0
0.02857142857142857 0.0857142857142857
0.025 0.07500000000000001
0.04722222222222222 0.09464847243000456
0.0 0.0
0.025 0.07500000000000001
0.0 0.0
0.02222222222222222 0.06666666666666667
0.025 0.07500000000000001
0.07857142857142857 0.12037356818823368
0.06944444444444445 0.10632032893891465
0.06666666666666667 0.10183501544346311
0.05 0.10000000000000002
0.02222222222222222 0.06666666666666667
0.06444444444444444 0.0986075899214835
0.02222222222222222 0.06666666666666667
0.02222222222222222 0.06666666666666667
0.0 0.0
0.0 0.0
0.0 0.0
0.0 0.0
0.0 0.0
0.0 0.0
0.08008658008658008 0.1271467704317978
0.03333333333333334 0.10000000000000003
0.0 0.0
0.0507936507936508 0.10257456775494295
0.07857142857142857 0.12601065354665944
0.05714285714285714 0.11428571428571428
0.09523809523809525 0.14599723539767517
0.05357142857142857 0.10744006397493802
0.0 0.0
0.0 0.0
0.0 0.0
0.0 0.0
0.0 0.0
0.0 0.0
0.0 0.0
0.0 0.0
0.0 0.0
0.0 0.0
0.0 0.0
0.0 0.0
0.0 0.0
0.0 0.0
0.06666666666666668 0.13333333333333336
0.03333333333333334 0.10000000000000003
0.0 0.0
0.03333333333333334 0.10000000000000003
0.03333333333333334 0.10000000000000003
0.06666666666666668 0.13333333333333336
0.03333333333333334 0.10000000000000003
0.02857142857142857 0.0857142857142857
0.06666666666666668 0.13333333333333336
0.03333333333333334 0.10000000000000003
0.03333333333333334 0.10000000000000003
0.0 0.0
0.0 0.0
0.06190476190476191 0.12426655572095133
0.02222222222222222 0.06666666666666667
0.0 0.0
0.0 0.0
0.025 0.07500000000000001
0.05357142857142857 0.10744006397493802
0.0 0.0
0.0 0.0
0.0 0.0
0.0 0.0
0.0 0.0
0.0 0.0
0.0 0.0
0.0 0.0
0.0 0.0
0.0 0.0
0.0 0.0
0.0 0.0
0.0 0.0
0.0 0.0
0.0 0.0
0.0 0.0
0.0 0.0
0.009090909090909092 0.02727272727272728
0.0 0.0
0.0 0.0
0.0 0.0
0.0 0.0
0.0 0.0
0.0 0.0
0.015384615384615385 0.04615384615384615
0.0 0.0
0.0 0.0
0.0 0.0
0.0 0.0
0.041666666666666664 0.08539125638299665
0.04 0.12
0.028571428571428574 0.08571428571428572
0.065 0.13425721582097555
0.0 0.0
0.0 0.0
0.0 0.0
0.003278688524590164 0.009836065573770493
0.028571428571428574 0.08571428571428572
0.02222222222222222 0.06666666666666667
0.0 0.0
0.05714285714285714 0.11428571428571428
0.07857142857142857 0.12037356818823368
0.05 0.10000000000000002
0.075 0.11456439237389598
0.0 0.0
0.11000000000000001 0.19078784028338913
0.0 0.0
0.0 0.0
0.0 0.0
0.0 0.0
0.0 0.0
0.0 0.0
0.0 0.0
0.0 0.0
0.0 0.0
0.0 0.0
0.01818181818181818 0.05454545454545453
0.0 0.0
0.0 0.0
0.0 0.0
0.0 0.0
0.0 0.0
0.03333333333333334 0.10000000000000003
0.05714285714285714 0.11428571428571428
0.0 0.0
0.0 0.0
0.0 0.0
0.0 0.0
0.0 0.0
0.0 0.0
0.0 0.0
0.0 0.0
0.0 0.0
0.0 0.0
0.0 0.0
0.0 0.0
0.0 0.0
0.0 0.0
0.08214285714285714 0.12581367824148956
0.005263157894736843 0.015789473684210527
0.0 0.0
0.0 0.0
0.0 0.0
0.0125 0.037500000000000006
0.011764705882352941 0.03529411764705882
0.02222222222222222 0.06666666666666667
0.0 0.0
0.0 0.0
0.0 0.0
0.0 0.0
0.0 0.0
0.0 0.0
0.0 0.0
0.0 0.0
0.0 0.0
0.0 0.0
0.0 0.0
0.0 0.0
0.0 0.0
0.09047619047619047 0.138750497946033
0.09047619047619047 0.138750497946033
0.0 0.0
0.0 0.0
0.0 0.0
0.0027777777777777775 0.008333333333333333
0.001904761904761905 0.005714285714285714
0.0 0.0
0.02 0.06
0.01818181818181818 0.05454545454545454
0.0125 0.037500000000000006
0.03068181818181818 0.06266507126801017
0.013333333333333332 0.039999999999999994
0.0 0.0
0.0 0.0
0.008333333333333335 0.02500000000000001
0.020000000000000004 0.06000000000000001
0.0 0.0
0.05 0.15000000000000002
0.0 0.0
0.0 0.0
0.01666666666666667 0.05000000000000002
0.0 0.0
0.0 0.0
0.025 0.07500000000000001
0.06944444444444445 0.10632032893891465
0.0654040404040404 0.1010760517023289
0.08214285714285714 0.12581367824148953
0.06190476190476191 0.12426655572095133
0.02857142857142857 0.0857142857142857
0.05 0.10000000000000002
0.0 0.0
0.025 0.07500000000000001
0.025 0.07500000000000001
0.07714285714285715 0.11989791576204163
0.04318181818181818 0.08769900627988518
0.075 0.11456439237389598
0.02857142857142857 0.0857142857142857
0.0 0.0
0.0 0.0
0.02222222222222222 0.06666666666666667
0.07936507936507936 0.12233554836823932
0.05714285714285714 0.11428571428571428
0.0034188034188034184 0.010256410256410256
0.0 0.0
0.0 0.0
0.0 0.0
0.0 0.0
0.0 0.0
0.0 0.0
0.0 0.0
0.0 0.0
0.0 0.0
0.0 0.0
0.0 0.0
0.0 0.0
0.0 0.0
0.045000000000000005 0.09069178573608527
0.0 0.0
0.0 0.0
0.05357142857142857 0.10744006397493802
0.0 0.0
0.02857142857142857 0.0857142857142857
0.04523809523809523 0.09431096343018265
0.05 0.1067187372905475
0.08008658008658008 0.1271467704317978
0.0 0.0
0.03333333333333334 0.10000000000000003
0.08571428571428572 0.13093073414159542
0.0 0.0
0.0 0.0
0.0 0.0
0.0 0.0
0.0 0.0
0.0 0.0
0.0 0.0
0.08571428571428572 0.13093073414159542
0.0 0.0
0.0 0.0
0.0 0.0
0.0 0.0
0.0 0.0
0.03333333333333334 0.10000000000000003
0.06666666666666668 0.13333333333333336
0.03333333333333334 0.10000000000000003
0.0 0.0
0.10714285714285714 0.13687887954099817
0.058333333333333334 0.11814539065631521
0.02857142857142857 0.0857142857142857
0.03333333333333334 0.10000000000000003
0.028571428571428574 0.08571428571428572
0.08412698412698413 0.130901866158852
0.05555555555555556 0.11385500851066223
0.06666666666666668 0.13333333333333336
0.05357142857142858 0.10744006397493804
0.06666666666666668 0.13333333333333336
0.09333333333333334 0.14966629547095767
0.0 0.0
0.0 0.0
0.0 0.0
0.0 0.0
0.015384615384615385 0.04615384615384615
0.0 0.0
0.0 0.0
0.053333333333333344 0.11075498483890767
0.08666666666666667 0.13678856352455462
0.0 0.0
0.03333333333333334 0.10000000000000003
0.05714285714285714 0.11428571428571428
0.03333333333333334 0.10000000000000003
0.0 0.0
0.0 0.0
0.0 0.0
0.0 0.0
0.0 0.0
0.0 0.0