0.05 0.10000000000000002
0.2965873015873016 0.19714357602813487
0.2754761904761905 0.2622985135376898
0.5323015873015873 0.2904068027975776
0.1738095238095238 0.22285765160707094
0.47018759018759015 0.3090174800916489
0.23204129204129204 0.17808921370214073
0.19228438228438227 0.12436488146357443
0.23859307359307355 0.20717436216331106
0.11357864357864358 0.09539818740933877
0.2784382284382284 0.21957649123721165
0.3539517345399698 0.1484061580681493
0.3937029637029637 0.19208224980381866
0.4265628815628816 0.22773471541496168
0.11662351064827844 0.11499123846952891
0.2488095238095238 0.16602341855956373
0.28118437118437123 0.20759691309927147
0.2786904761904762 0.1922878502322463
0.313998223998224 0.1513289780539775
0.3270940170940171 0.19071747069159597
0.31392496392496394 0.14963669270790408
0.2735353535353536 0.12916356133496812
0.3580895915678524 0.2533738894190052
0.11086726998491706 0.059218365878168706
0.17490091178171674 0.1443216410729146
0.447024087024087 0.26947483821526014
0.3621911421911421 0.19796503868412088
0.4722077922077922 0.3515809227701334
0.4900793650793651 0.3705645985427125
0.4434304584304584 0.28162447262453927
0.0 0.0
0.2629569810993959 0.11677070872542662
0.30037878787878786 0.15494824438743215
0.4369920275802629 0.2404600742819373
0.3377291009643951 0.18916721955686455
0.2825824175824176 0.24029100846210574
0.5798412698412697 0.20808524911552687
0.4677200577200577 0.20551011599424057
0.06857142857142857 0.13950349275124233
0.5096031746031746 0.42075686312700916
0.3527265218441689 0.21765291435585732
0.4541414141414141 0.1104384692259322
0.2861183261183261 0.19286442574711551
0.028571428571428574 0.08571428571428572
0.42283272283272283 0.2493936704860842
0.4411111111111111 0.2533260232863455
0.02857142857142857 0.08571428571428572
0.02222222222222222 0.06666666666666667
0.02857142857142857 0.0857142857142857
0.058333333333333334 0.11814539065631521
0.42936507936507934 0.2994798968491542
0.09047619047619049 0.18862192686036533
0.09222222222222223 0.11372481406154654
0.09047619047619047 0.138750497946033
0.13047619047619047 0.16252263055395355
0.05714285714285715 0.17142857142857143
0.08412698412698413 0.13090186615885196
0.10793650793650796 0.18467351837776494
0.02857142857142857 0.0857142857142857
0.10277777777777779 0.16294454862291627
0.24398989898989898 0.22852588852546762
0.21898989898989898 0.2074815092384124
0.3318359418359419 0.2090603177663282
0.15744457297088876 0.09960121834999289
0.14531039136302293 0.12166721658803054
0.1987682252388135 0.1337250612061276
0.03484848484848485 0.069779266301027
0.24945887445887446 0.21588630547347787
0.23746031746031743 0.18105810055690374
0.5531746031746032 0.25041688597226297
0.23722222222222222 0.2188924139592071
0.15611111111111112 0.16953913565462847
0.12380952380952381 0.19886298112210574
0.042222222222222223 0.08459051693633014
0.04444444444444444 0.08888888888888888
0.02857142857142857 0.0857142857142857
0.0 0.0
0.04444444444444444 0.13333333333333333
0.0869047619047619 0.13405945985088186
0.3999206349206349 0.29296884564750264
0.025 0.07500000000000001
0.24179908326967148 0.09939726704371449
0.02 0.06
0.09444444444444444 0.1527525231651947
0.0 0.0
0.0 0.0
0.0 0.0
0.12333333333333334 0.19209372712298547
0.0 0.0
0.058333333333333334 0.11814539065631521
0.04 0.12
0.0 0.0
0.06414565826330532 0.0840855218866779
0.19975723622782443 0.15039377853700797
0.26454545454545453 0.20867349639849703
0.32442446442446443 0.15266876791918668
0.24600233100233102 0.1898203662360993
0.23232323232323232 0.1810128066175859
0.20614845938375348 0.16565347056816362
0.26301587301587304 0.1654160181412222
0.2605555555555556 0.21520088232413548
0.0869047619047619 0.13405945985088188
0.07357142857142858 0.1140197798808682
0.02857142857142857 0.08571428571428572
0.03333333333333334 0.10000000000000003
0.03333333333333334 0.10000000000000003
0.03333333333333334 0.10000000000000003
0.1 0.1527525231651947
0.09523809523809525 0.14599723539767517
0.10714285714285714 0.13170777796132696
0.48926406926406923 0.30259893849203634
0.42214285714285715 0.2641098728622439
0.0 0.0
0.02857142857142857 0.0857142857142857
0.0 0.0
0.2800932400932401 0.17870866794402127
0.03333333333333334 0.10000000000000003
0.06666666666666668 0.13333333333333336
0.058333333333333334 0.11814539065631521
0.12222222222222223 0.1527525231651947
0.03333333333333334 0.10000000000000003
0.06190476190476191 0.12426655572095134
0.0 0.0
0.4116161616161616 0.2517994620422912
0.5037301587301587 0.25386457457121153
0.15937451437451436 0.19162927910073846
0.1980974580974581 0.09659811240464128
0.2885347985347985 0.17492556666987832
0.14833333333333334 0.14041494943449348
0.13222222222222224 0.1932471072084766
0.148030303030303 0.16202323260975812
0.1962842712842713 0.16725660118456892
0.3052253302253302 0.16164184286014938
0.2022510822510822 0.1533583373444866
0.27901578813343525 0.13888577671044328
0.22000000000000006 0.1661324772583615
0.04444444444444444 0.13333333333333333
0.23682539682539683 0.2548089260863973
0.15952380952380954 0.16243493958934857
0.46785714285714297 0.2246548400950456
0.06222222222222222 0.13063945294843618
0.07857142857142857 0.16428571428571428
0.08722222222222223 0.13993053832368244
0.07222222222222222 0.11055415967851333
0.025 0.07500000000000001
0.06444444444444444 0.13999999999999999
0.0 0.0
0.05357142857142857 0.10744006397493802
0.025 0.07500000000000001
0.0 0.0
0.04722222222222222 0.09464847243000456
0.08311688311688312 0.17608780526419004
0.0 0.0
0.0 0.0
0.05 0.10000000000000002
0.025 0.07500000000000001
0.20798511430090377 0.20321115391537328
0.02222222222222222 0.06666666666666667
0.04222222222222223 0.08459051693633014
0.022222222222222223 0.06666666666666668
0.04722222222222222 0.09464847243000456
0.06944444444444445 0.14553540997144152
0.05714285714285715 0.17142857142857143
0.02 0.06
0.04722222222222222 0.09464847243000456
0.08222222222222222 0.18487232831816064
0.05 0.10000000000000002
0.11190476190476191 0.17819006897207296
0.23174603174603176 0.21661869345056486
0.15666666666666668 0.19666666666666666
0.10793650793650796 0.18467351837776494
0.17444444444444446 0.2330712814188445
0.12333333333333334 0.15620499351813308
0.1277777777777778 0.16442942874387492
0.02222222222222222 0.06666666666666667
0.08888888888888888 0.13877773329774218
0.05555555555555556 0.11385500851066223
0.058333333333333334 0.11814539065631521
0.05555555555555556 0.11385500851066221
0.09523809523809525 0.14599723539767517
0.06190476190476191 0.12426655572095133
0.2477056277056277 0.2210048569246213
0.23416472416472417 0.16946690761298866
0.28372549019607846 0.1716391265053892
0.26797979797979804 0.13790287279927577
0.24318196423459582 0.1599157363071616
0.27574272133095656 0.1777373088844405
0.40802308802308807 0.2870648273635163
0.5114502164502164 0.2715139222654843
0.19991172226466344 0.1695415480035254
0.19225191475191478 0.13091474047439508
0.26731712731712726 0.16842941807049555
0.12267399267399268 0.09824946602176507
0.48056998556998565 0.25234013014522705
0.21165667665667662 0.1673587020318134
0.03333333333333334 0.10000000000000003
0.1285714285714286 0.1580062859336863
0.04 0.12
0.13523809523809524 0.1676190476190476
0.06666666666666668 0.13333333333333336
0.065 0.13425721582097552
0.05714285714285715 0.11428571428571431
0.12333333333333334 0.19209372712298547
0.06190476190476191 0.12426655572095134
0.06222222222222222 0.13063945294843618
0.12190476190476189 0.20103135437582084
0.5398268398268398 0.3730087277178548
0.06857142857142857 0.13950349275124233
0.025 0.07500000000000001
0.0 0.0
0.04 0.12
0.0 0.0
0.04722222222222222 0.09464847243000456
0.0 0.0
0.18293650793650795 0.176178410140251
0.2301731601731602 0.25756739409463836
0.13690476190476192 0.17827356109371356
0.21839549339549338 0.16395793596335395
0.1796825396825397 0.16078793139203673
0.15015873015873016 0.20499211864723726
0.2424603174603175 0.1705375321934187
0.13214285714285712 0.2347654061363542
0.11190476190476191 0.17819006897207296
0.32286435786435785 0.20305354779140972
0.03333333333333334 0.10000000000000003
0.13999999999999999 0.22793761329705012
0.2562121212121212 0.16378532470435614
0.06666666666666668 0.13333333333333336
0.02222222222222222 0.06666666666666667
0.0 0.0
0.0 0.0
0.03356643356643356 0.06742361282905705
0.0 0.0
0.0 0.0
0.36666666666666675 0.2855775687007366
0.3276984126984127 0.27157205202425594
0.01818181818181818 0.05454545454545454
0.03333333333333334 0.10000000000000003
0.03333333333333334 0.06666666666666668
0.0 0.0
0.0507936507936508 0.10257456775494295
0.05714285714285715 0.11428571428571431
0.0 0.0
0.4423809523809523 0.1872609587358418
0.47452380952380946 0.17093861862630239
0.3207936507936508 0.2176510575835113
0.26269841269841276 0.22443484634065325
0.3838095238095239 0.19337190430268236
0.15207070707070708 0.10091269293173794
0.1254040404040404 0.1303460992951812
0.06857142857142857 0.13950349275124233
0.09301587301587302 0.15252671599746231
0.3197835497835498 0.18465713404605114
0.3371749226006192 0.3180422891708314
0.02857142857142857 0.0857142857142857
0.025 0.07500000000000001
0.02857142857142857 0.0857142857142857
0.0869047619047619 0.13405945985088186
0.5302380952380952 0.23633457732507537
0.31770673770673774 0.2596456175500554
0.05333333333333333 0.11075498483890765
0.06444444444444444 0.13999999999999999
0.2458608058608059 0.2045278673690938
0.3325727213962508 0.30758439554396766
0.3611306821833138 0.2579427745894743
0.12079365079365079 0.16586268669897478
0.0869047619047619 0.13405945985088186
0.08333333333333334 0.12909944487358058
0.07301587301587302 0.15028317941009048
0.17272727272727273 0.17073097674936935
0.2864646464646464 0.2072742040233293
0.1138095238095238 0.14883447409881928
0.48238095238095235 0.24543034535641414
0.44309523809523804 0.29646868685871347
0.48761904761904756 0.15066669676719943
0.43246031746031743 0.3577139085397879
0.09047619047619049 0.13875049794603303
0.0 0.0
0.03484848484848485 0.069779266301027
0.3709784851164161 0.21920902788725224
0.18676470588235294 0.18658712730711793
0.15845959595959597 0.1469007461744478
0.11911764705882352 0.15899364527789883
0.07150326797385623 0.10835339772198306
0.27134920634920634 0.20785241544470448
0.14047619047619048 0.1911298308608522
0.22936507936507936 0.2692266576646505
0.4198740148740149 0.1943633339138007
0.22272727272727275 0.1844740093799686
0.3354401154401155 0.16367157213775965
0.37293650793650795 0.30312690765855216
0.29176470588235304 0.1733590430687529
0.02222222222222222 0.06666666666666667
0.06222222222222222 0.13063945294843618
0.05818181818181818 0.12617710234834528
0.01666666666666667 0.05000000000000002
0.02967032967032967 0.05939151260163366
0.07831441348469212 0.12645874117869194
0.07734848484848485 0.08268079764710347
0.0 0.0
0.1304761904761905 0.2067368763777323
0.08412698412698413 0.13090186615885196
0.08214285714285716 0.12581367824148956
0.14555555555555558 0.18937519099122507
0.16994949494949496 0.18371641669454963
0.38979076479076474 0.2786496712601085
0.24801587301587302 0.23067300235095878
0.5009829059829061 0.21911523406069877
0.46106060606060606 0.27286364435627297
0.18217171717171715 0.24841319181140933
0.20296536796536796 0.213827027775694
0.47010822510822503 0.22928510128513144
0.4201010101010101 0.2708729327552283
0.05555555555555556 0.11385500851066221
0.02857142857142857 0.0857142857142857
0.03333333333333334 0.10000000000000003
0.41082417582417585 0.3049196158085246
0.46357142857142863 0.22598750291536676
0.11588744588744589 0.15791885605622072
0.13494949494949496 0.1708015995520828
0.0811111111111111 0.10037583694283853
0.11858585858585857 0.1552379020866386
0.09701572936867053 0.0840278846272929
0.15609390609390608 0.15068173538890023
0.15555777555777556 0.118303136551445
0.1280844155844156 0.09265044313396212
0.15177371647959886 0.13384849942006405
0.12657509157509156 0.14440168255857347
0.15972027972027972 0.143979611795025
0.08506787330316742 0.11180774813741538
0.14237179487179488 0.15038807185570272
0.20963203463203461 0.24386748134332722
0.06190476190476191 0.12426655572095131
0.12231134878193703 0.1466727047187597
0.16934065934065937 0.14794391125528208
0.39380952380952383 0.3563868188160869
0.06190476190476191 0.12426655572095131
0.025 0.07500000000000001
0.022222222222222223 0.06666666666666668
0.06722222222222222 0.10329300288230779
0.08333333333333333 0.12909944487358055
0.05714285714285714 0.11428571428571431
0.02 0.06
0.0507936507936508 0.10257456775494295
0.04222222222222223 0.08459051693633014
0.07023809523809524 0.11071428571428571
0.04857142857142857 0.0990155625780769
0.14404761904761904 0.14526248819358176
0.022222222222222223 0.06666666666666668
0.045 0.09069178573608527
0.03333333333333334 0.10000000000000002
0.04722222222222222 0.09464847243000456
0.04722222222222222 0.09464847243000456
0.02 0.06
0.03333333333333334 0.10000000000000002
0.08214285714285714 0.12581367824148953
0.0 0.0
0.4019047619047619 0.29244609170458746
0.17214285714285718 0.24278255157020406
0.13523809523809524 0.1676190476190476
0.013333333333333332 0.039999999999999994
0.10454545454545454 0.20933779890308096
0.11388888888888889 0.20654790494468112
0.04222222222222222 0.08459051693633013
0.0888045288045288 0.11428377448409534
0.04326923076923077 0.0665131677135433
0.135 0.22141589825484526
0.48034798534798534 0.2249568627667643
0.4662698412698412 0.3850566360949462
0.45714285714285713 0.21565435938345515
0.05357142857142858 0.10744006397493804
0.5317748917748918 0.18403477235655735
0.09722222222222222 0.16351180725290487
0.06190476190476191 0.12426655572095133
0.4200216450216451 0.30426482068738286
0.07857142857142858 0.1203735681882337
0.06190476190476191 0.12426655572095131
0.03333333333333334 0.10000000000000003
0.09047619047619049 0.18862192686036533
0.05714285714285714 0.11428571428571428
0.06666666666666668 0.13333333333333336
0.09047619047619047 0.138750497946033
0.0 0.0
0.04 0.12000000000000001
0.06944444444444445 0.10632032893891465
0.02857142857142857 0.0857142857142857
0.39165636994584363 0.2312614498047966
0.271460483960484 0.20032245015230282
0.028571428571428574 0.08571428571428572
0.05714285714285714 0.11428571428571428
0.3306518971224854 0.2161375935718427
0.3792071888043755 0.22061125988790964
0.3287123745819398 0.21023431298612533
0.3580683892990394 0.16423366278143978
0.37884292178409823 0.12649863476556109
0.09523809523809525 0.14599723539767517
0.05 0.15000000000000002
0.0 0.0
0.10333333333333332 0.17156145643277027
0.06666666666666668 0.13333333333333336
0.028571428571428574 0.08571428571428572
0.022222222222222223 0.06666666666666668
0.02222222222222222 0.06666666666666667
0.0 0.0
0.04 0.12
0.06857142857142857 0.13950349275124233
0.05 0.15000000000000002
0.03333333333333333 0.09999999999999999
0.06666666666666668 0.13333333333333333
0.03333333333333334 0.10000000000000003
0.4586861667744021 0.2454380721783433
0.2706829805901013 0.24446181717221724
0.26229770229770233 0.1423019271591748
0.38873459873459876 0.17154377363670187
0.2866666666666667 0.20880613017821098
0.15157731157731158 0.126069298169778
0.05454545454545454 0.11642044068059725
0.05833333333333333 0.11814539065631521
0.08333333333333334 0.12909944487358058
0.05 0.15000000000000002
0.03333333333333334 0.10000000000000003
0.03333333333333334 0.10000000000000003
0.1 0.1527525231651947
0.0989483621329463 0.1545843824405899
0.030888005817879587 0.03822890456002769
0.05577257525083612 0.07855575920433114
0.05647552447552447 0.08002390468810938
0.03333333333333334 0.10000000000000003
0.0 0.0