0.0 0.0
0.6232251082251082 0.16021160456044323
0.6115873015873016 0.2682415701089082
0.6845238095238095 0.37181184437702847
0.028571428571428574 0.08571428571428572
0.5507936507936508 0.4036249203674716
0.22233211233211234 0.16070812736706092
0.22742590742590743 0.21177553603394345
0.2287101787101787 0.16146686087643727
0.2255941770647653 0.16446446634964756
0.5657262345497639 0.2260436577124257
0.6129789818025111 0.24790648417065683
0.5776045591835065 0.16485918188560617
0.6515440115440116 0.37186310580363713
0.22896198830409356 0.19405576562250032
0.5571645021645022 0.24330411781715802
0.6026984126984127 0.3245989443586661
0.5013595583160801 0.2896919387953692
0.6472039072039072 0.1758915570927757
0.6120454545454546 0.15619567274030421
0.5848529411764706 0.32433293280106984
0.6291131091131091 0.19664788892648544
0.6741919191919191 0.18926264135726634
0.24699472096530922 0.20412959647315726
0.19823026646556058 0.13693068077265425
0.5952741702741703 0.28016651781742236
0.5184848484848484 0.4054030179696245
0.5311688311688312 0.3783859339273816
0.6633333333333333 0.38418745424597095
0.4900349650349651 0.40897031424348784
0.028571428571428574 0.08571428571428572
0.5852754993544467 0.25685046470104617
0.5949187250657839 0.24375148413604264
0.6106754519989814 0.25371446879657533
0.5728012183894535 0.24144652217317147
0.6289141414141414 0.13370939516286612
0.7523809523809524 0.3381371536727036
0.6839682539682539 0.3105570463092822
0.04 0.12
0.6027777777777777 0.3861111111111111
0.46392496392496396 0.42196049229161975
0.6755727605727606 0.16038599886129887
0.6259860753281805 0.25761535376869266
0.21071428571428572 0.2412910522213498
0.7257936507936509 0.33764431700719655
0.7103174603174602 0.3300003435715933
0.09047619047619049 0.18862192686036533
0.08571428571428572 0.18294640678379567
0.08571428571428572 0.18294640678379567
0.06666666666666668 0.13333333333333336
0.4927272727272728 0.45733326908094546
0.11190476190476191 0.17819006897207296
0.05357142857142857 0.10744006397493802
0.1304761904761905 0.2067368763777323
0.12380952380952381 0.19886298112210574
0.1404761904761905 0.22142857142857142
0.06666666666666668 0.13333333333333336
0.14761904761904762 0.23372173698681958
0.11333333333333336 0.2495328969628387
0.09714285714285716 0.19803112515615381
0.15833333333333333 0.17260262647673313
0.19722222222222224 0.1865252440466616
0.6177985902985902 0.21683942536334938
0.18419826905121023 0.14355299143411387
0.20849816849816852 0.07528284404939778
0.283032212885154 0.1331531360439905
0.23680668918285014 0.1799979523231441
0.2223015873015873 0.20845248293489657
0.2465873015873016 0.26429311443951026
0.6934920634920635 0.3084126984126984
0.3211297852474323 0.2291823428824827
0.25880952380952377 0.21239597367810126
0.09523809523809526 0.14599723539767517
0.11071428571428572 0.18657082695155686
0.08214285714285714 0.12581367824148953
0.07936507936507936 0.12233554836823932
0.06190476190476191 0.12426655572095131
0.05357142857142857 0.10744006397493802
0.08 0.16
0.6111111111111112 0.3863539017074571
0.025 0.07500000000000001
0.17586080586080585 0.1394024323540481
0.36071428571428565 0.39390372858388917
0.02857142857142857 0.0857142857142857
0.06666666666666668 0.13333333333333336
0.09833333333333334 0.15392097539538488
0.03333333333333334 0.10000000000000003
0.06666666666666667 0.19999999999999998
0.09523809523809525 0.14599723539767517
0.06666666666666668 0.13333333333333336
0.05 0.15000000000000002
0.01818181818181818 0.05454545454545454
0.025 0.05000000000000001
0.22916971916971915 0.21260142682841188
0.2284188034188034 0.23607862250858697
0.28042735042735045 0.27429272038646835
0.23888888888888885 0.26445844967582005
0.23619047619047615 0.2440367657929947
0.19329004329004332 0.24789749503388922
0.28439393939393937 0.2568391576905108
0.19454545454545455 0.15450530936963225
0.4157287157287158 0.31928796349551813
0.20904761904761907 0.22187052668672536
0.08214285714285714 0.12581367824148953
0.03333333333333334 0.10000000000000003
0.06666666666666668 0.13333333333333336
0.1 0.1527525231651947
0.06666666666666668 0.13333333333333336
0.09047619047619049 0.18862192686036533
0.07857142857142857 0.16428571428571428
0.6873015873015873 0.35888815175117184
0.6540476190476191 0.35875692588716396
0.03333333333333334 0.10000000000000002
0.02857142857142857 0.0857142857142857
0.06944444444444445 0.14553540997144152
0.6372319347319346 0.1511539485967239
0.09166666666666667 0.1416666666666667
0.06666666666666668 0.13333333333333336
0.09523809523809525 0.14599723539767517
0.06666666666666668 0.13333333333333336
0.12857142857142856 0.1580062859336863
0.06666666666666668 0.13333333333333336
0.09523809523809525 0.14599723539767517
0.692020202020202 0.3408860298971534
0.6892857142857143 0.4034449865134739
0.663692141192141 0.19113163600381763
0.6875330225330225 0.20181908317924985
0.6666150516150517 0.2347936132041657
0.724561827061827 0.18499057806671068
0.6944733697674874 0.24807244019913663
0.6647152194211018 0.14297373204514507
0.6525815850815851 0.17250666584017196
0.7112840101075395 0.18640640304891587
0.7559415584415584 0.17897587970192114
0.7091972080207375 0.25643880172422734
0.7419680319680321 0.20879209894115838
0.07936507936507936 0.12233554836823932
0.6639971139971139 0.3171643724194131
0.6515079365079365 0.3217817871143712
0.7153174603174604 0.3114836306360176
0.06222222222222222 0.13063945294843618
0.05714285714285714 0.11428571428571428
0.06944444444444445 0.14553540997144152
0.05 0.10000000000000002
0.05714285714285714 0.11428571428571428
0.04722222222222222 0.09464847243000456
0.06666666666666668 0.14229164972072997
0.07857142857142857 0.12037356818823368
0.06999999999999999 0.10770329614269007
0.05714285714285714 0.11428571428571428
0.06944444444444445 0.14553540997144152
0.08333333333333334 0.1707825127659933
0.07579365079365079 0.11664844366913275
0.025 0.07500000000000001
0.05 0.10000000000000002
0.06136363636363636 0.12533014253602034
0.23900132547191372 0.19477266472621668
0.06666666666666668 0.14229164972072997
0.09166666666666666 0.15012854574301845
0.07857142857142857 0.16428571428571428
0.05 0.10000000000000002
0.06444444444444444 0.13999999999999999
0.05 0.15000000000000002
0.06493506493506493 0.13103374811043572
0.05454545454545454 0.16363636363636364
0.05 0.10000000000000002
0.075 0.11456439237389598
0.31261904761904763 0.29764221073884106
0.28 0.21203307452224998
0.24523809523809526 0.2555373157249077
0.30333333333333334 0.27586228448267447
0.28272727272727277 0.29918791218099866
0.3726479076479076 0.2734837429619201
0.12333333333333334 0.19209372712298547
0.09166666666666667 0.1416666666666667
0.0869047619047619 0.13405945985088188
0.11547619047619048 0.19151872432926106
0.09523809523809525 0.14599723539767517
0.11666666666666667 0.18333333333333335
0.0869047619047619 0.13405945985088188
0.09523809523809525 0.14599723539767517
0.3340760546642899 0.17420687687346678
0.2796176046176046 0.2250282821613053
0.2911538461538462 0.198801292144926
0.24198412698412702 0.2984908817709143
0.21153846153846154 0.21475870593563356
0.2437101787101787 0.2519807065463693
0.6821789321789321 0.3730987945155334
0.7511904761904762 0.31120853066566617
0.221324557795146 0.2451294404215511
0.21595959595959596 0.14333101983454785
0.214278270748859 0.1596900405879212
0.17814518814518815 0.18664199847187998
0.5131313131313131 0.43271482312397047
0.11713286713286715 0.12746688273963022
0.05 0.15000000000000002
0.04 0.12
0.07333333333333333 0.14742229591663988
0.04 0.12
0.10666666666666669 0.16384274303259344
0.07333333333333333 0.14742229591663988
0.06666666666666668 0.13333333333333336
0.09047619047619047 0.138750497946033
0.06666666666666668 0.13333333333333336
0.08333333333333334 0.17078251276599327
0.09833333333333334 0.15392097539538488
0.6311111111111112 0.38837426266583963
0.10666666666666669 0.16384274303259344
0.05714285714285715 0.17142857142857143
0.06136363636363636 0.12533014253602034
0.04 0.12
0.028571428571428574 0.08571428571428572
0.05714285714285714 0.11428571428571428
0.02857142857142857 0.0857142857142857
0.25428571428571434 0.2687014207531088
0.22714285714285717 0.2933584559433551
0.06190476190476191 0.12426655572095131
0.05357142857142857 0.10744006397493802
0.11904761904761904 0.14638501094227999
0.06190476190476191 0.12426655572095131
0.3421398862575333 0.2804046433263204
0.25112794612794614 0.2232083015702489
0.29822068612391195 0.2634055408349529
0.55 0.264127174908356
0.3307619047619048 0.25209797253270805
0.18746031746031747 0.1708285354118566
0.29047619047619044 0.16850684800069476
0.0 0.0
0.02857142857142857 0.0857142857142857
0.0 0.0
0.0 0.0
0.01818181818181818 0.05454545454545453
0.0 0.0
0.0 0.0
0.6739898989898989 0.22530447390057923
0.7705844155844155 0.20253450317672578
0.0 0.0
0.0 0.0
0.0 0.0
0.03333333333333333 0.09999999999999999
0.04 0.12
0.06666666666666668 0.13333333333333336
0.04 0.12
0.6738888888888888 0.1548133614089827
0.6702380952380952 0.1553149459205515
0.6756349206349206 0.2881260751348054
0.6273304473304473 0.2432367953314211
0.6519841269841269 0.1807891389824026
0.09 0.18138357147217055
0.16666666666666669 0.18142100277231846
0.2452380952380952 0.2402993220388597
0.1757936507936508 0.27135459170039095
0.4017027417027417 0.1904395084710284
0.22406162464985996 0.2532721141451633
0.05 0.15000000000000002
0.08222222222222222 0.1848723283181606
0.05714285714285714 0.11428571428571428
0.12301587301587302 0.19437964582748404
0.46965367965367966 0.26894389798244
0.3917171717171717 0.24177545760648753
0.02222222222222222 0.06666666666666667
0.0 0.0
0.29028749028749024 0.21787722492147452
0.2209090909090909 0.24325784707854597
0.22310606060606059 0.23789838994704007
0.32976190476190476 0.23786000284280864
0.41273109243697476 0.1763862838288708
0.3334054834054834 0.2510781459583803
0.35523809523809524 0.24272125049565987
0.3017948717948718 0.30887816355499226
0.23530469530469528 0.24463048952065922
0.3516416916416916 0.3145398567564505
0.7251587301587301 0.32189639676366855
0.7079365079365079 0.3534384603801462
0.6984126984126984 0.3229534669251002
0.6446031746031746 0.3232158423184476
0.1 0.1527525231651947
0.06746031746031746 0.10643505182500586
0.16154825566590272 0.2107673587315845
0.31855680868838765 0.2459099274696438
0.31735288581835897 0.24040777682811112
0.16526610644257705 0.1654132184815757
0.2225998820580864 0.16332475346725084
0.19284632034632035 0.17266839291173502
0.43880952380952376 0.22857155257933143
0.5832828282828283 0.31557942087614393
0.5281746031746032 0.29000009774022906
0.7033399933399933 0.12432672466369006
0.7255966255966256 0.12522436530147654
0.6764929514929514 0.18550007664588197
0.6884920634920635 0.22937228801765927
0.6144660894660895 0.24945646422790085
0.06666666666666668 0.13333333333333336
0.0 0.0
0.0 0.0
0.01818181818181818 0.05454545454545454
0.0 0.0
0.014285714285714287 0.04285714285714286
0.0375 0.08003905296791061
0.06944444444444445 0.14553540997144152
0.21857142857142856 0.23863225153763876
0.2066666666666667 0.16983652270475996
0.24793650793650795 0.2362998978488057
0.19714285714285715 0.2076561784184958
0.380050505050505 0.16127746232848786
0.6673809523809524 0.3804819267700365
0.44523809523809527 0.2046234304749085
0.7337662337662338 0.29854597881626843
0.7 0.35721427857285676
0.2484004884004884 0.17198957233972006
0.2646825396825397 0.217459231256701
0.6761904761904762 0.35
0.7333333333333333 0.31433381065362703
0.06666666666666668 0.13333333333333336
0.09166666666666667 0.1416666666666667
0.09523809523809525 0.14599723539767517
0.6856349206349207 0.3410306378370756
0.7145238095238096 0.2920147582702269
0.28922077922077916 0.1840809974146985
0.25997474747474747 0.21039646481316399
0.26494949494949493 0.20299439865658037
0.21072261072261073 0.20689498368511922
0.2749084249084249 0.17543541040120197
0.23857142857142857 0.18934724965623595
0.3053113553113553 0.13624711880241247
0.26701381951381953 0.164434959448864
0.18862137862137862 0.12084244496076413
0.23288299935358756 0.1791892494631207
0.2899159663865546 0.1549740741162998
0.2877422577422577 0.11777705032654448
0.2695238095238095 0.263632397129652
0.6188095238095237 0.2748333859316872
0.5674242424242425 0.2837367489412052
0.3347763347763347 0.11262335532446031
0.3299709114414996 0.09740311817913878
0.7031746031746031 0.358734548364771
0.09523809523809525 0.14599723539767517
0.04722222222222222 0.09464847243000456
0.07857142857142857 0.16428571428571428
0.08333333333333334 0.17078251276599327
0.09523809523809525 0.14599723539767517
0.03333333333333334 0.10000000000000003
0.09047619047619049 0.138750497946033
0.05714285714285714 0.11428571428571428
0.05714285714285714 0.11428571428571428
0.075 0.11456439237389598
0.08571428571428572 0.13093073414159542
0.06666666666666668 0.13333333333333336
0.06944444444444445 0.14553540997144152
0.1 0.20000000000000004
0.03333333333333334 0.10000000000000003
0.05357142857142857 0.10744006397493802
0.05714285714285714 0.11428571428571428
0.06944444444444445 0.14553540997144152
0.08571428571428572 0.1829464067837957
0.08412698412698413 0.130901866158852
0.0 0.0
0.4921717171717172 0.22414927198866302
0.303015873015873 0.22057490333639365
0.24859307359307356 0.27591844360059464
0.019999999999999997 0.05999999999999999
0.28047619047619043 0.1994260471937398
0.2154040404040404 0.2797862421415766
0.31179310885193234 0.23487721132577674
0.24838328338328336 0.15343289795541185
0.223003663003663 0.22573175296484663
0.21349206349206348 0.22605676916955436
0.6746031746031746 0.3998653401451958
0.692063492063492 0.4008808643127457
0.7095238095238096 0.3318219704989712
0.1 0.1527525231651947
0.655 0.3825271765722359
0.09523809523809526 0.14599723539767517
0.08571428571428572 0.18294640678379567
0.594047619047619 0.3884596351399087
0.06190476190476191 0.12426655572095131
0.06666666666666668 0.13333333333333336
0.09166666666666667 0.1416666666666667
0.06666666666666668 0.13333333333333336
0.058333333333333334 0.11814539065631521
0.09047619047619049 0.18862192686036533
0.05555555555555556 0.11385500851066221
0.1142857142857143 0.18952141659173713
0.2304761904761905 0.24940018747935863
0.10580808080808082 0.13473801891617287
0.05357142857142857 0.10744006397493802
0.47773378582202114 0.24715167009610745
0.49633489317699847 0.2210313691374958
0.16666666666666669 0.22360679774997896
0.05714285714285715 0.17142857142857143
0.5583916083916083 0.23973866733458515
0.4701120448179272 0.31958323848366066
0.4857031857031857 0.25648479571005656
0.5068447891977303 0.31100445836095586
0.4670185973446843 0.261992140430471
0.028571428571428574 0.08571428571428572
0.06190476190476191 0.12426655572095134
0.09523809523809525 0.14599723539767517
0.27359307359307355 0.24976366708325776
0.08571428571428572 0.18294640678379567
0.06666666666666668 0.13333333333333336
0.07857142857142857 0.16428571428571428
0.09166666666666667 0.1416666666666667
0.06190476190476191 0.12426655572095131
0.09833333333333334 0.15392097539538488
0.09523809523809523 0.2086562123829204
0.10666666666666669 0.1638427430325934
0.09523809523809523 0.2086562123829204
0.03333333333333334 0.10000000000000003
0.08571428571428572 0.18294640678379567
0.6250308025308026 0.2784579932482326
0.6428421578421578 0.27188084875969626
0.6297047397047396 0.19122019131686768
0.7049664224664224 0.29049591176398354
0.6786796536796535 0.16308805644354318
0.18191416426710544 0.18565415863926807
0.0 0.0
0.11333333333333333 0.17397317800933185
0.0 0.0
0.058333333333333334 0.11814539065631521
0.06666666666666668 0.13333333333333336
0.1 0.1527525231651947
0.07333333333333333 0.14742229591663988
0.23746369435162537 0.12052765880471214
0.0650969320534538 0.07070911333654353
0.10477257525083612 0.08681311624293382
0.25323105548655866 0.12289419785273914
0.0 0.0
0.03333333333333334 0.10000000000000003