0.8285241425241425 0.12760560241596375
0.9634920634920634 0.056365971125602224
0.9666666666666666 0.05091750772173153
0.8459090909090909 0.2955206219818321
0.3827272727272727 0.2372789193820297
0.8735198135198136 0.11312160981125055
0.9404511278195489 0.06407097464647737
0.9317419774927516 0.04512942845632639
0.9368983957219251 0.13310674981406337
0.9514285714285716 0.05527913089878649
0.9402597402597402 0.13832235798123999
0.9114285714285714 0.19057378452174048
0.8695051353874883 0.22503826288816417
0.9115440115440115 0.12601302890987512
0.8423776151384847 0.18393232651909405
0.9189610389610389 0.132109523859882
0.9119408369408368 0.13756433012347913
0.9207070707070708 0.14696969696969697
0.934709653092006 0.09846085115703412
0.8954449472096531 0.17323121373957054
0.9274509803921568 0.17755873664686542
0.9277107206518972 0.13515435120019653
0.9131313131313131 0.19738107778705832
0.9493650793650794 0.0460889081315546
0.9441604010025063 0.04881132384775588
0.9451515151515151 0.07363636363636362
0.906060606060606 0.123612594268916
0.9318181818181817 0.10436963696542137
0.8459090909090909 0.2955206219818321
0.9022222222222223 0.2343786110832926
0.4954761904761904 0.28918222722743125
0.8768864468864468 0.15830520790753771
0.8567201018123081 0.18336212634900675
0.8877798225166647 0.15840996548469974
0.8684509161289347 0.22683686470332465
0.9044444444444444 0.1738595999472769
0.8797979797979798 0.29599406838918146
0.8707070707070708 0.20427029753154807
0.7128066378066378 0.3119217287269084
0.848845598845599 0.2266691290707653
0.9077777777777779 0.17069574405074378
0.9292824822236587 0.11276885549035165
0.867936507936508 0.23801141381575797
0.9313852813852813 0.07084273729737114
0.940909090909091 0.09917011013305198
0.875 0.3010398644698074
0.3262987012987013 0.25766361865022774
0.6228321678321679 0.25953071685062995
0.3896392496392496 0.24845931434337276
0.3865367965367965 0.222164691959038
0.89013986013986 0.0949365511545294
0.44642857142857145 0.3238992347717331
0.9042957042957044 0.09541458489160301
0.49944444444444447 0.2988708172975387
0.4692640692640692 0.2910627628999786
0.6786363636363636 0.26481836213138005
0.7184920634920634 0.28385729197451504
0.41796536796536793 0.26135267918200594
0.6304545454545455 0.2961913501203809
0.3492857142857143 0.27788896867555685
0.8866466866466867 0.1193727190694669
0.9421911421911423 0.06498899713063186
0.9310407239819005 0.11167648971400847
0.9408401438378556 0.030388090842313913
0.9388550427452029 0.04772806322792412
0.9000436921179954 0.14830375131461662
0.9599248120300752 0.030087810634319225
0.9306759906759906 0.05745778425354602
0.9450349650349649 0.06363882266823492
0.9321428571428572 0.14146644514527398
0.9416583416583416 0.050344496509292104
0.9483682983682984 0.056418082063282575
0.3242857142857143 0.29633016151895564
0.49448051948051946 0.36421003566060356
0.4365323565323565 0.2799778792610676
0.3991269841269841 0.25310379912551934
0.3435897435897436 0.26247945350226576
0.7016330891330891 0.2222555453629316
0.6477272727272727 0.19869213236550928
0.8451770451770452 0.21595421651952207
0.9063852813852813 0.13949141714181587
0.9277458351761758 0.06802631043674463
0.8362698412698413 0.1839264267610104
0.41812631812631806 0.311201240102312
0.425036075036075 0.3265009121077223
0.758888888888889 0.25230052626888344
0.24320346320346325 0.29186003356518136
0.7212698412698413 0.23938902452754163
0.650952380952381 0.30168123015171217
0.6252380952380953 0.30617085029303653
0.9338305322128851 0.05335414320567274
0.9112518683362675 0.0814154078057483
0.8693102347432158 0.09352297571154819
0.9450349650349651 0.06363882266823492
0.936923076923077 0.11745828921000856
0.9212387612387613 0.07646804449559443
0.9187412587412588 0.06946263355230993
0.9211655011655011 0.09155029386043406
0.9412324929971989 0.049563497285442744
0.926060606060606 0.09493315999612739
0.9011139840551605 0.11407912654477237
0.9353174603174604 0.08592071702745781
0.8810678210678212 0.10150195237307885
0.8244000444000446 0.14286642506276975
0.8022222222222222 0.19222864472250709
0.3005050505050505 0.22756714936173378
0.8899567099567101 0.19799540744273622
0.6432539682539683 0.2245796863594774
0.7193650793650794 0.278410888484823
0.39382783882783884 0.2768037188561385
0.8972222222222221 0.20338569453317198
0.9293650793650794 0.13187266814881057
0.8882517482517482 0.10955156460698774
0.7252253302253302 0.23240095061797597
0.7960369532428356 0.14543456806871635
0.8896286376162538 0.13795178802247227
0.3702380952380952 0.2347654061363542
0.7151875901875903 0.27657105863943915
0.4733333333333333 0.2663961212631225
0.548888888888889 0.26873962799393947
0.4401875901875901 0.2453404722061505
0.375036075036075 0.33747652322504756
0.39047619047619053 0.2906929540769996
0.8976190476190476 0.1703837205982366
0.9416666666666667 0.11814539065631524
0.8934878193701723 0.1872902361838436
0.908663101604278 0.15562873877611483
0.9133333333333333 0.1814754345175493
0.9308225108225108 0.10818801095793991
0.8396684997149393 0.14510876739999887
0.9252287581699348 0.162813907809464
0.9192458521870288 0.1217867827656253
0.8576658635482165 0.15383052461024613
0.8206300381764778 0.15526996408561944
0.9416176470588236 0.10027750087558593
0.8983061383061383 0.1636808702095213
0.5734765234765234 0.34234172924575595
0.9527777777777778 0.08055555555555557
0.925 0.11456439237389605
0.9266233766233766 0.09991563315801749
0.819272965596495 0.11254496094009245
0.6706890331890333 0.2789899486457805
0.6517440892440893 0.14865629066870942
0.7631293706293706 0.20100584999637713
0.7452380952380953 0.2357142857142857
0.8218342931578226 0.15942394758674275
0.6773978798978799 0.1925432990356156
0.8055167055167056 0.17197611151676354
0.8349859454271218 0.2138606855822258
0.7853679653679653 0.15384879418457875
0.664491896991897 0.2747873079150949
0.6844555444555445 0.2673029166519689
0.7467754467754467 0.19720583721786628
0.7693006993006992 0.1720291738481465
0.6929534354534355 0.14454116526470331
0.7914452214452214 0.17084348629016127
0.9141263414947627 0.08177933521890814
0.7523285048285048 0.1805400620520186
0.6462470862470863 0.2695568152588338
0.8274611662846956 0.16104186312242227
0.6775116550116549 0.25283608269142244
0.826910866910867 0.15605030168184025
0.521976911976912 0.29475822677008695
0.6965986790986791 0.19862615644372178
0.6881462981462981 0.20097669126714515
0.6404137529137529 0.25441874579962975
0.7346445221445221 0.21669727732659844
0.9353174603174603 0.08592071702745781
0.9166666666666666 0.12909944487358058
0.9317460317460318 0.13032316365146673
0.9083333333333332 0.20564937798755115
0.8714285714285716 0.29589021681725686
0.9349206349206349 0.12884548491162331
0.27796536796536797 0.25886927921963493
0.5858585858585859 0.3714645606300843
0.7322283272283272 0.3019095385787091
0.3816666666666667 0.20282039126062032
0.462049062049062 0.3110495298156923
0.3295526695526696 0.25115579855294523
0.5649206349206349 0.27786524699941856
0.5446031746031746 0.34675070933131297
0.9377919466154759 0.0683728958115329
0.9302564102564104 0.05792602233121462
0.910897435897436 0.05575080744912539
0.8936247086247086 0.06954423082682808
0.9159706959706961 0.07799432002166201
0.9046153846153848 0.06391562485489538
0.8438888888888888 0.206565835617714
0.8507070707070706 0.29085921289578304
0.8902747252747254 0.08257048088444628
0.9371638655462184 0.08642584703385955
0.9352579979360165 0.0552786828055234
0.9072789817681459 0.0768950310127206
0.8807492507492508 0.09370175472135511
0.8114746352046124 0.22291924349521758
0.6623809523809524 0.3247200084691837
0.6459523809523808 0.23751369455684193
0.572857142857143 0.3499387701543555
0.7770202020202019 0.2074742066495867
0.7270634920634921 0.20619177449888793
0.9369408369408369 0.12826497212910348
0.7405050505050506 0.2159284119183113
0.7076984126984127 0.2169754907072439
0.7158730158730158 0.19122043753721094
0.7348412698412699 0.18684247268593754
0.9334415584415584 0.10629584522815443
0.8940476190476192 0.20373844443672529
0.7547619047619047 0.23085417647001924
0.7492857142857142 0.18682224444751797
0.8314285714285715 0.13390187924736904
0.8871428571428572 0.1487636119650836
0.8694444444444445 0.12363451713482165
0.8875457875457876 0.2094160049513609
0.5446214896214896 0.24101074368542427
0.9412698412698413 0.10458137403193102
0.9666666666666666 0.05091750772173153
0.9457070707070707 0.0786748898442891
0.954125874125874 0.06434417699838647
0.9636363636363635 0.04453617714151235
0.8775024975024974 0.20850359380354427
0.8802597402597401 0.16841687429904148
0.9132867132867132 0.09246648769826908
0.8647979797979797 0.17615739529045843
0.8195833333333333 0.19944990900901338
0.8510678210678211 0.10376278523447623
0.8737950937950938 0.1093519441978013
0.903088023088023 0.10318651380811457
0.8968975468975469 0.12427101701747836
0.8105905205905206 0.15451251170962035
0.9205122655122656 0.0896299647147333
0.8579054279054278 0.1134011778662176
0.9124492604059167 0.058487936120884945
0.834040404040404 0.22315783299425354
0.8487881562881563 0.07324171912177245
0.9436868686868687 0.0798399231285383
0.9058297258297259 0.1295950943706272
0.85783561467772 0.08147518538757743
0.875876900876901 0.06921622446596097
0.887987359703607 0.06852474124090785
0.9210317460317461 0.1400568802494737
0.9416666666666667 0.08093779046851926
0.9347979797979798 0.08977589177391473
0.9388888888888889 0.10000000000000003
0.946031746031746 0.1291872377738146
0.9318181818181819 0.09748913904330557
0.9222222222222223 0.1990719207463213
0.9457070707070707 0.0786748898442891
0.9638888888888889 0.07861650943380506
0.9551515151515153 0.06392143938635252
0.9340093240093241 0.08653843877782973
0.919047619047619 0.13307798678554403
0.9544011544011545 0.057071391169693085
0.9465501165501164 0.07306880315356717
0.8876194496937531 0.1529854455674421
0.7232756132756133 0.22338102364872997
0.7765656565656565 0.193752435137792
0.5053968253968254 0.3107297751017937
0.589047619047619 0.25186650173033637
0.9256410256410256 0.13147121787994123
0.9106008027060659 0.08911173268061136
0.9145114199525963 0.06469989126479067
0.9665501165501166 0.05547112160656291
0.9230289318524614 0.09267614460476947
0.9193860877684408 0.08122940556852097
0.9271826625386999 0.07848413846142117
0.9160173160173158 0.0969774270264648
0.940034965034965 0.07566537782201782
0.8910198135198136 0.08118291842627026
0.9375757575757577 0.08053083753635436
0.9347863247863248 0.050703358803017365
0.904263696325212 0.13471442643014478
0.9173426573426573 0.11327194930990007
0.9222222222222223 0.19907192074632132
0.9 0.21343747458109494
0.9242424242424242 0.1315654142187419
0.8849567099567099 0.20081520975260372
0.6948412698412698 0.23211029482656445
0.8817657342657341 0.11212213425055381
0.8430618586107211 0.095508637158693
0.8605218855218855 0.07690066343138258
0.9063640414815634 0.10469523056022358
0.904021978021978 0.10290862309167426
0.8970147630147631 0.06677906332048081
0.9034709057947439 0.07182914305520206
0.946031746031746 0.1291872377738146
0.9436868686868687 0.0798399231285383
0.8651515151515152 0.20103040352269075
0.9218283677107207 0.13314524108464976
0.9064685314685315 0.14270061389539485
0.8562208216619982 0.29070853593498064
0.9103535353535352 0.11233968386532943
0.9325757575757576 0.1167969559775418
0.45360750360750357 0.3451171152365525
0.8964837432948889 0.07372386756129677
0.9263273001508295 0.06801072229214081
0.9092053663570692 0.058282886596795376
0.9025135566188197 0.062441456419266184
0.9170176793091143 0.07286956852944207
0.8791578323637147 0.04664475845145656
0.7668531468531469 0.1428611450245774
0.9527777777777777 0.08055555555555557
0.946031746031746 0.12918723777381458
0.9327777777777779 0.09055555555555556
0.9888888888888889 0.03333333333333331
0.9141258741258742 0.10210679996564956
0.8880952380952382 0.19692937601668778
0.9262626262626263 0.04887260769051693
0.890909090909091 0.2098276927648905
0.9 0.30000000000000004
0.9236363636363635 0.09502597392736795
0.9387878787878787 0.040696416882907996
0.9051948051948052 0.16903583997629557
0.9075757575757576 0.12607663068311956
0.46619047619047616 0.3543730691077463
0.6749999999999999 0.2524601178624281
0.3344805194805195 0.24395493195807944
0.9285714285714286 0.13170777796132696
0.9428571428571428 0.13093073414159542
0.9386112339672712 0.06144246644646129
0.9400761330173095 0.0847888232918662
0.9236658766070531 0.09916710814451862
0.934484126984127 0.0589513343882281
0.9134358288770054 0.05893882107848522
0.9343068455452357 0.04987201833163582
0.9378111946533 0.03128768626226402
0.92640473733353 0.05505534208768447
0.9206563510224838 0.09108832305221672
0.9371184548987752 0.042167032457407244
0.924145465966707 0.05298143787053716
0.9267504633085466 0.0458996248976635
0.9140059635254143 0.08143252598415571
0.8786713286713287 0.12905887593223783
0.9117016317016319 0.10190958780342205
0.9056687075357152 0.06319504525426535
0.9158993070912576 0.0681106988921424
0.9190476190476191 0.19982985960340272
0.7597863247863248 0.2735145864775739
0.5291161616161617 0.23702530626273843
0.6637484737484737 0.28509030121876705
0.7448162948162947 0.19985484688537877
0.743045288045288 0.1924238092164556
0.6984126984126984 0.2840560344154489
0.7325396825396825 0.23613078482794622
0.3982756132756132 0.3267481315426519
0.7409740259740258 0.24268979059233217
0.826017316017316 0.14503552947684747
0.6506707344942638 0.239274061626809
0.7496503496503497 0.23588994985219536
0.5141666666666667 0.26007611065481073
0.7870695970695971 0.19024563744834688
0.7434731934731935 0.2775765024071289
0.5277344877344878 0.3177916465917232
0.7878343878343879 0.17825375217932593
0.7788574660633484 0.16026766533984035
0.28084415584415584 0.22697530012495376
0.34158730158730155 0.22817624568076866
0.8827505827505828 0.11764389638892823
0.9212121212121211 0.11829831088450388
0.9432900432900434 0.057921905365594516
0.9238095238095237 0.1538618516324144
0.8296044031647746 0.09745635731824394
0.9098401598401598 0.1002273264937582
0.9155977355977356 0.10698760422934553
0.8784724632093053 0.1575343672948727
0.9110245310245311 0.0821958803139082
0.929461210571185 0.12367354647773925
0.8853091353091352 0.13446886985655207
0.9412698412698413 0.10458137403193102
0.8797979797979798 0.29599406838918146
0.9210317460317461 0.14005688024947371
0.2902380952380953 0.2395774104562178
0.9400000000000001 0.18
0.6924098124098125 0.2556903701509992
0.4035103785103785 0.2631276204717032
0.8671428571428571 0.15035030901032806
0.30259740259740264 0.28320722177598284
0.4115079365079365 0.2998385494007186
0.918961038961039 0.13210952385988198
0.3679365079365079 0.3066961190628661
0.7417882117882117 0.2740122317826694
0.7298701298701298 0.28146777012690016
0.6852380952380953 0.27898788569185545
0.8933333333333333 0.10694408369347524
0.7799134199134199 0.21335098945882647
0.8259765234765235 0.14713417423335107
0.8959007659007658 0.08754752213227796
0.9034426847662143 0.10034360063687964
0.9325910364145658 0.09511559204022857
0.7838816738816738 0.1974237117725765
0.7704140304140304 0.1491309073007845
0.9055211558307533 0.16675697342854753
0.858756537580067 0.14087928693641227
0.9594427244582043 0.06971721030920786
0.9137415731842976 0.10709626361358904
0.9389705882352942 0.08687990856412506
0.7143650793650794 0.24548850676537315
0.3098701298701299 0.2947192887402571
0.7587301587301587 0.29419083760239934
0.8950183150183151 0.07803605552661816
0.5188311688311689 0.26053638812084134
0.2957142857142857 0.21840952609361014
0.3952380952380953 0.25028278287444417
0.2805050505050505 0.3067143233621383
0.22722222222222227 0.23851974062258807
0.7586507936507937 0.218289015945002
0.7293939393939394 0.18054638685774746
0.6781313131313131 0.22120469534840254
0.6676984126984127 0.23258167723086504
0.7270634920634922 0.21670138974045527
0.709047619047619 0.24966371940895946
0.9419964349376114 0.13448869346728282
0.8934640522875817 0.17626931150412034
0.9304575163398694 0.09534386393526524
0.9121396250808015 0.10399357258369908
0.9153535353535354 0.10602673821931331
0.9096481399577374 0.08962146417214226
0.8845818070818071 0.07279257435826147
0.74484126984127 0.16650644225879377
0.7538888888888888 0.2257641345396661
0.6813852813852814 0.27550077408975304
0.4051948051948052 0.3732606005820231
0.46471861471861475 0.27099790886806174
0.3890476190476191 0.2687676588091817
0.8089415580565674 0.14116424004089068
0.7442525006439396 0.19391336343655005
0.7742110922422779 0.20535480874370698
0.9258644044753248 0.06857004403883765
0.9527777777777778 0.08055555555555557
0.9888888888888889 0.03333333333333331