0.9956521739130434 0.013043478260869556
0.9124516603197075 0.04412712150076134
0.9913043478260869 0.017391304347826077
0.9782446311858077 0.036524648661598706
0.9923076923076923 0.023076923076923096
0.9468823275015227 0.04586895459331664
1.0 0.0
0.9824884792626728 0.04287448239488668
0.9511396523521217 0.023981015414820447
0.9752673107890499 0.027531519640871197
0.9773073463268366 0.032622598976438565
0.9916521739130435 0.016713758298064624
0.9733110863922878 0.0200259667784195
0.9969696969696968 0.009090909090909082
1.0 0.0
0.9644240944240945 0.04345573840924366
0.9962962962962962 0.011111111111111092
0.9695457875457876 0.03479963059774578
1.0 0.0
0.9778138528138527 0.03543194840938481
1.0 0.0
0.9941176470588236 0.017647058823529415
0.9865612648221344 0.02889433499209023
0.9965517241379309 0.010344827586206884
0.9155282816388735 0.05428667732157853
0.9852130325814537 0.02262451422773936
0.9947368421052631 0.015789473684210513
0.9398735452908837 0.022199733922678797
0.8810443775085908 0.02651741918608424
0.9913043478260869 0.017391304347826077
0.9813903743315509 0.025055972686758545
0.9852130325814535 0.022624514227739364
0.9880701754385965 0.024065162385238228
0.9923076923076923 0.023076923076923096
0.9880296048037984 0.014692194599736043
1.0 0.0
0.9923076923076923 0.023076923076923096
0.9719377370968558 0.02595576081089598
0.9731652661064427 0.0459475634727533
1.0 0.0
1.0 0.0
0.9947368421052631 0.015789473684210513
0.9880000000000001 0.018330302779823324
0.9876521739130435 0.018882984609178484
0.9554158031610468 0.027357617297159104
0.9866666666666667 0.026666666666666658
0.9866666666666667 0.026666666666666658
0.9847368421052632 0.03231167469088594
0.9712820512820513 0.0353213853491745
0.9107611832611833 0.05436302314489068
0.9734722081774363 0.02986563190462722
0.9728571428571428 0.03915953763459298
1.0 0.0
0.9947368421052631 0.015789473684210513
0.9920000000000002 0.01599999999999997
1.0 0.0
0.990909090909091 0.02727272727272728
1.0 0.0
0.9776014173998047 0.025165787326579894
1.0 0.0
0.9827256622584766 0.03182741455657697
0.9933333333333334 0.019999999999999997
0.9232293163625453 0.03290289417147921
0.9578729368218823 0.02463012485636505
1.0 0.0
0.9525907423093022 0.04452487342607009
1.0 0.0
0.9461230751980058 0.030747131743489427
0.9805912293120302 0.015902296160459857
1.0 0.0
1.0 0.0
1.0 0.0
0.9947368421052631 0.015789473684210513
1.0 0.0
0.9864293659621802 0.016631727422972767
0.9646263940571341 0.01715323203954558
1.0 0.0
1.0 0.0
0.8917991993267392 0.04954206129888826
0.9894736842105264 0.021052631578947344
0.9947368421052631 0.015789473684210513
1.0 0.0
0.9832167832167832 0.03371180641452855
0.9401515151515152 0.08425455003204238
0.9834334445680387 0.022293862272805404
1.0 0.0
0.9933333333333334 0.019999999999999997
0.987450980392157 0.025159239109561474
0.9941176470588236 0.017647058823529415
1.0 0.0
0.9827877993627301 0.018710295633140202
1.0 0.0
0.8613627597964921 0.03755535818968955
0.9873188405797102 0.026882495364564562
1.0 0.0
0.9186675263271008 0.02963266223830225
0.9861471861471861 0.029347967544031694
1.0 0.0
1.0 0.0
1.0 0.0
1.0 0.0
1.0 0.0
0.9866666666666667 0.026666666666666658
1.0 0.0
0.9894736842105264 0.021052631578947344
0.9819373219373221 0.029104540766487594
0.9923076923076923 0.023076923076923096
0.945513332881754 0.040410739507429565
0.9582430182430182 0.04217930892125692
0.9770374552983249 0.03068743192038931
1.0 0.0
0.9956521739130434 0.013043478260869556
1.0 0.0
0.9956521739130434 0.013043478260869556
0.9913043478260869 0.017391304347826077
0.9956521739130434 0.013043478260869556
0.9730303993374072 0.02096441805013276
0.9772785324509462 0.02787462820613944
0.9295391705069124 0.06630132182989652
0.933179723502304 0.0681795119575145
0.9967741935483871 0.009677419354838701
0.9848571428571429 0.024513220090059004
0.9866188769414576 0.016440637908501362
1.0 0.0
0.9952380952380953 0.014285714285714301
1.0 0.0
0.9248364642254749 0.032578725390086556
1.0 0.0
0.9941125541125541 0.01178125623769631
0.9941176470588236 0.017647058823529415
0.9841176470588235 0.03307221834557787
0.9818181818181818 0.036363636363636376
1.0 0.0
0.9486241446725318 0.04897506036596956
1.0 0.0
0.9941176470588236 0.017647058823529415
1.0 0.0
0.985663082437276 0.033661238370964554
0.9903890160183068 0.019330628907956848
0.9894736842105264 0.021052631578947344
0.9901075268817205 0.021228322889037525
0.9941176470588236 0.017647058823529415
0.9882352941176471 0.02352941176470589
0.9888544891640867 0.022333979934206098
0.9582353904247511 0.030329669358717545
0.9841176470588235 0.03307221834557787
0.9933333333333334 0.019999999999999997
1.0 0.0
0.9962962962962963 0.011111111111111094
1.0 0.0
0.9888544891640867 0.022333979934206098
0.9841176470588235 0.03307221834557787
1.0 0.0
0.9941176470588236 0.017647058823529415
0.9941176470588236 0.017647058823529415
1.0 0.0
0.9514322134080784 0.03820331481937055
0.9828902691511386 0.02104876235597317
0.9450349650349649 0.0636388226682349
1.0 0.0
0.9768875256083266 0.015250283326407215
0.9879629629629628 0.026205503144601683
1.0 0.0
0.9935483870967742 0.0129032258064516
0.9922962962962962 0.015421645842575505
1.0 0.0
0.9960000000000001 0.011999999999999976
0.9314255832570939 0.052202073069373627
0.9817051632913703 0.024322485623282486
0.9861813537675607 0.022573651370673152
0.9962962962962962 0.011111111111111092
0.9496048899194136 0.036639136318925916
0.9777165593027662 0.02973675155201307
1.0 0.0
1.0 0.0
0.965448717948718 0.04468316579786978
1.0 0.0
1.0 0.0
0.9947368421052631 0.015789473684210513
0.9947368421052631 0.01578947368421051
0.8807303384739568 0.025633109226544732
1.0 0.0
0.9882962962962963 0.017894064123730985
1.0 0.0
0.9843076923076923 0.02579665589996699
0.9901001112347053 0.015133235341770548
0.9941176470588236 0.017647058823529415
1.0 0.0
0.9798076923076924 0.041790988100193695
1.0 0.0
0.9967741935483871 0.009677419354838701
0.9851534391534391 0.02422721453057086
0.9157519011875473 0.042422859710902434
0.9721056721056721 0.043297074149200726
0.9888480204342274 0.017079626085548475
0.8817104014820003 0.048577794648999466
0.9779749373433584 0.038192437665522626
0.8419943276390137 0.05206803595474555
0.9952380952380953 0.014285714285714303
0.9811534391534392 0.02474238139585228
0.993103448275862 0.013793103448275845
1.0 0.0
0.987450980392157 0.025159239109561474