0.03333333333333334 0.06666666666666668
0.04370973853732475 0.047953470934456816
0.09505494505494505 0.0779258294220614
0.05636363636363636 0.11851700718350736
0.02857142857142857 0.0857142857142857
0.03216374269005848 0.04915412535481368
0.04857142857142857 0.0990155625780769
0.021288515406162466 0.042870871640804456
0.02993487993487994 0.03669108669108669
0.05824175824175824 0.0713947510803551
0.04395604395604395 0.09272537630650102
0.13028083028083026 0.1583455940695517
0.07041537667698658 0.07471446686666638
0.025 0.05000000000000001
0.05357142857142857 0.10744006397493802
0.10102941176470588 0.09624246950973254
0.013333333333333332 0.039999999999999994
0.10139194139194138 0.12972420809021692
0.06857142857142857 0.13950349275124233
0.10216450216450217 0.08411980594049435
0.073015873015873 0.15028317941009048
0.051515151515151514 0.10845775859498957
0.0924908424908425 0.12328401924923646
0.037598039215686274 0.05753910209497706
0.02144681627440248 0.03278047063656832
0.07121212121212121 0.08731533051044793
0.07636363636363636 0.12406343352168712
0.0365079365079365 0.058749222321906484
0.0334111019886882 0.033695386325271096
0.07871794871794872 0.07925565952078722
0.08054265565875474 0.05296035118699391
0.1265967365967366 0.14712862938936944
0.03538461538461538 0.0715177803025813
0.02857142857142857 0.0857142857142857
0.071687552213868 0.09065626685051083
0.06062271062271063 0.09814679794053782
0.11337606837606837 0.1537397602198349
0.09015007215007216 0.12580132332980998
0.05888888888888889 0.0908193159418642
0.022222222222222223 0.06666666666666668
0.07636363636363636 0.12406343352168712
0.07076923076923076 0.11162065936748955
0.05838827838827839 0.07171562494890622
0.07362637362637361 0.09755494118666456
0.019166666666666665 0.029297326385411576
0.025 0.07500000000000001
0.02857142857142857 0.0857142857142857
0.051515151515151514 0.10845775859498957
0.1154040404040404 0.11694427812991888
0.05020885547201337 0.06600620703170665
0.0125 0.037500000000000006
0.08957983193277311 0.12394315766172781
0.025 0.07500000000000001
0.053030303030303025 0.08109953752165233
0.03076923076923077 0.061538461538461535
0.1 0.21343747458109497
0.0 0.0
0.14199134199134197 0.14728542615592294
0.06432748538011697 0.1267266439352659
0.09121212121212122 0.16795890222749602
0.0509313725490196 0.06251506930981701
0.022222222222222223 0.06666666666666668
0.06686196121679992 0.06438487902183769
0.028097062579821197 0.046231733728730594
0.065 0.1044695596280988
0.07896800825593395 0.12664331563801387
0.10277777777777779 0.1629445486229163
0.0570546265328874 0.03743685515250683
0.023859649122807018 0.048130324770476476
0.09444444444444444 0.1527525231651947
0.08055555555555556 0.12573855886395863
0.015384615384615385 0.04615384615384615
0.0715151515151515 0.11533637474293604
0.0 0.0
0.04398692810457516 0.05402193076311481
0.08179615705931495 0.08935217652690718
0.09722222222222222 0.11931517552730295
0.09818181818181818 0.09831640606978745
0.05887747035573123 0.09582525613735793
0.08969696969696969 0.11694928382091911
0.048717948717948725 0.10537806455402317
0.10040404040404041 0.1347704915753038
0.1222222222222222 0.15714285714285714
0.12967032967032965 0.13492787233556772
0.05009803921568627 0.06145768698465666
0.08841491841491841 0.1206258031295722
0.05 0.10000000000000002
0.12080808080808081 0.15654102119640248
0.07818181818181817 0.09588215907952878
0.04722222222222222 0.09464847243000456
0.04 0.05366563145999496
0.11904761904761904 0.14638501094227999
0.02890923890923891 0.03548686028786073
0.04633699633699634 0.07098127062894143
0.22428571428571428 0.20820417765221888
0.05979283679283679 0.05505474766074775
0.10326340326340325 0.13908116401127443
0.0 0.0
0.08214285714285714 0.12581367824148956
0.11666666666666667 0.11706281947614154
0.1589105339105339 0.17892543291872928
0.014285714285714287 0.04285714285714286
0.02857142857142857 0.0857142857142857
0.1 0.1224744871391589
0.039999999999999994 0.07999999999999999
0.013333333333333332 0.039999999999999994
0.19928571428571423 0.1875853547218504
0.043859649122807015 0.07319292264962728
0.08067669172932332 0.05880945304873108
0.1401098901098901 0.16653428305147752
0.11222222222222222 0.1443760521847181
0.08100233100233101 0.1065669029321991
0.0783882783882784 0.10449452289335413
0.06410256410256411 0.1044694809613506
0.09487179487179487 0.10371153033926506
0.05205128205128205 0.08022035726622705
0.06630116959064328 0.08743622087463056
0.05503955968352253 0.08789274420425074
0.06432748538011696 0.08630437807893925
0.09115067079463365 0.10836919457932247
0.0 0.0
0.07472527472527472 0.07482217376065584
0.05398692810457516 0.08606838120792329
0.01818181818181818 0.05454545454545453
0.1322843822843823 0.1423870884206434
0.11888111888111888 0.1131484954975154
0.038884012539184956 0.049969759627124855
0.05858585858585859 0.12136354178485326
0.07274018379281537 0.06707206935426575
0.06222222222222222 0.13063945294843618
0.06969696969696969 0.13955853260205398
0.05 0.10000000000000002
0.01818181818181818 0.05454545454545454
0.02426470588235294 0.04855725582676193
0.07095238095238095 0.08822898470172144
0.050793650793650794 0.10257456775494293
0.060404040404040404 0.09271142665158523
0.036944444444444446 0.05665645332796348
0.01666666666666667 0.05000000000000002
0.03636363636363636 0.07272727272727272
0.0375 0.08003905296791061
0.09222222222222223 0.11372481406154654
0.025 0.07500000000000001
0.05454545454545454 0.08331955809010617
0.08785689714482284 0.10520425718078136
0.03636363636363636 0.07272727272727272
0.08762626262626264 0.10841571118614098
0.04722222222222222 0.09464847243000457
0.0 0.0
0.09740842490842491 0.10842580599630958
0.10323676323676323 0.11025528462706818
0.05818181818181818 0.12617710234834528
0.03636363636363636 0.07272727272727272
0.044444444444444446 0.0888888888888889
0.044444444444444446 0.0888888888888889
0.04 0.12
0.02049102177022088 0.03133974243373393
0.12797349709114414 0.07163799927694416
0.1583333333333333 0.13214285714285715
0.12023809523809523 0.1569949801246159
0.0125 0.037500000000000006
0.09300366300366301 0.10017872367691115
0.050793650793650794 0.10257456775494293
0.0375 0.05728219618694799
0.11125763125763126 0.05661299059343009
0.08333333333333334 0.12909944487358058
0.0375 0.11250000000000002
0.006666666666666666 0.019999999999999997
0.025833333333333337 0.05170025789748701
0.0125 0.037500000000000006
0.013333333333333332 0.039999999999999994
0.08682051282051283 0.05358805051920054
0.0 0.0
0.06743589743589742 0.10815559687826919
0.10895104895104894 0.09038352652493685
0.10467032967032966 0.11046176858334544
0.03818181818181818 0.0764717848902294
0.09 0.14282856857085702
0.019999999999999997 0.05999999999999999
0.049134199134199134 0.07556592951665583
0.029100529100529106 0.03565054079983707
0.0 0.0
0.06062271062271063 0.07450611580883502
0.07222222222222222 0.11055415967851333
0.07252747252747252 0.0967032967032967
0.02426470588235294 0.04855725582676193
0.016666666666666666 0.049999999999999996
0.0404040404040404 0.08131156281817417
0.025 0.07500000000000001
0.22574314574314575 0.30634775314882834
0.010526315789473686 0.031578947368421054
0.013333333333333332 0.039999999999999994
0.028078817733990145 0.0343982073893519
0.14404761904761904 0.14526248819358173
0.013333333333333332 0.039999999999999994
0.041213517665130574 0.0464498476773479
0.15145104895104894 0.14590136875911952
0.020261136712749615 0.030989804060611036
0.04171122994652406 0.08427508884745201
0.0125 0.037500000000000006
0.013333333333333332 0.039999999999999994
0.17357142857142857 0.19566865995809324
0.1335858585858586 0.17766887877927592