0.0 0.0
0.0 0.0
0.03818181818181818 0.0764717848902294
0.0 0.0
0.009523809523809523 0.02857142857142857
0.0 0.0
0.022222222222222223 0.06666666666666668
0.0 0.0
0.0 0.0
0.0 0.0
0.0 0.0
0.0 0.0
0.0 0.0
0.0 0.0
0.0715151515151515 0.11533637474293605
0.05818181818181818 0.0889980963674212
0.0668997668997669 0.08217436202128249
0.03650793650793651 0.07514158970504524
0.029670329670329676 0.05939151260163368
0.07333333333333333 0.14742229591663988
0.04743589743589744 0.07253510338366993
0.01818181818181818 0.05454545454545454
0.05858585858585859 0.0900973863473849
0.03333333333333334 0.10000000000000002
0.04722222222222222 0.09464847243000456
0.03333333333333334 0.10000000000000002
0.0 0.0
0.0 0.0
0.03666666666666667 0.07371114795831994
0.0 0.0
0.02967032967032967 0.05939151260163366
0.008695652173913042 0.026086956521739126
0.0 0.0
0.08888888888888888 0.10886621079036347
0.0 0.0
0.02 0.04
0.03369565217391304 0.055614466769840366
0.0 0.0
0.0 0.0
0.0 0.0
0.0 0.0
0.0 0.0
0.0 0.0
0.0 0.0
0.0 0.0
0.0 0.0
0.0 0.0
0.0 0.0
0.05357142857142857 0.10744006397493802
0.0 0.0
0.028571428571428574 0.08571428571428572
0.05714285714285714 0.11428571428571428
0.025 0.07500000000000001
0.0 0.0
0.0 0.0
0.0 0.0
0.008695652173913045 0.026086956521739132
0.09523809523809525 0.14599723539767517
0.09166666666666666 0.14166666666666666
0.0 0.0
0.02222222222222222 0.06666666666666667
0.0 0.0
0.0 0.0
0.025 0.05000000000000001
0.0 0.0
0.0 0.0
0.0 0.0
0.0 0.0
0.03333333333333334 0.10000000000000003
0.0 0.0
0.0 0.0
0.0 0.0
0.0 0.0
0.0 0.0
0.08 0.16
0.07333333333333333 0.14742229591663988
0.035526315789473684 0.05450609257159994
0.0 0.0
0.0 0.0
0.038181818181818185 0.07647178489022942
0.06190476190476191 0.12426655572095134
0.0 0.0
0.047192982456140356 0.060486638406092925
0.0 0.0
0.021793103448275862 0.045470404324583935
0.032051282051282055 0.0641666346473959
0.03076923076923077 0.061538461538461535
0.0 0.0
0.04 0.12
0.02904761904761905 0.044388002709972195
0.0 0.0
0.0 0.0
0.0 0.0
0.01818181818181818 0.05454545454545454
0.016666666666666666 0.049999999999999996
0.0 0.0
0.05345238095238096 0.06558745956818049
0.03719298245614035 0.057273648849798464
0.03333333333333334 0.10000000000000003
0.0 0.0
0.0 0.0
0.0 0.0
0.0 0.0
0.0 0.0
0.0 0.0
0.0 0.0
0.0 0.0
0.06444444444444444 0.0986075899214835
0.0 0.0
0.0 0.0
0.0 0.0
0.0 0.0
0.0 0.0
0.02857142857142857 0.0857142857142857
0.0 0.0
0.0 0.0
0.0 0.0
0.05 0.10000000000000002
0.0 0.0
0.0 0.0
0.01111111111111111 0.03333333333333333
0.0 0.0
0.08 0.16
0.0 0.0
0.030952380952380946 0.04971574528052643
0.0 0.0
0.03333333333333334 0.10000000000000003
0.019999999999999997 0.05999999999999999
0.0 0.0
0.0 0.0
0.009523809523809525 0.02857142857142857
0.0 0.0
0.0 0.0
0.0 0.0
0.0 0.0
0.05 0.15000000000000002
0.0 0.0
0.06666666666666668 0.13333333333333336
0.0 0.0
0.0 0.0
0.0 0.0
0.0 0.0
0.028571428571428574 0.08571428571428572
0.04 0.12000000000000001
0.0 0.0
0.014285714285714287 0.04285714285714286
0.03216374269005848 0.06806022716235377
0.0 0.0
0.04 0.12000000000000001
0.0 0.0
0.0 0.0
0.05484848484848485 0.08411424737563933
0.06 0.0916515138991168
0.019999999999999997 0.05999999999999999
0.07636363636363636 0.12406343352168712
0.06444444444444444 0.0986075899214835
0.056336996336996334 0.06920533672439484
0.057289377289377295 0.07031501678844874
0.029670329670329676 0.059391512601633674
0.05550366300366301 0.06831765074129559
0.0 0.0
0.04444444444444444 0.08888888888888888
0.0 0.0
0.0 0.0
0.03891402714932127 0.07993056096561645
0.0 0.0
0.02222222222222222 0.06666666666666667
0.0 0.0
0.0 0.0
0.0 0.0
0.0 0.0
0.0 0.0
0.04174603174603174 0.07143227503625815
0.0 0.0
0.025 0.07500000000000001
0.0 0.0
0.0 0.0
0.0 0.0
0.0 0.0
0.0 0.0
0.0 0.0
0.0 0.0
0.02857142857142857 0.0857142857142857
0.0 0.0
0.06136363636363636 0.12533014253602034
0.03333333333333334 0.06666666666666668
0.0 0.0
0.0 0.0
0.0 0.0
0.07857142857142857 0.12037356818823369
0.0 0.0
0.053030303030303025 0.08109953752165235
0.06444444444444444 0.0986075899214835
0.08762626262626262 0.10841571118614098
0.0 0.0
0.015384615384615385 0.04615384615384615
0.0 0.0
0.0 0.0
0.0 0.0
0.0 0.0
0.0 0.0
0.02222222222222222 0.06666666666666667
0.0 0.0
0.0 0.0
0.03333333333333334 0.10000000000000003
0.028571428571428574 0.08571428571428572
0.0 0.0
0.0 0.0
0.022222222222222223 0.06666666666666668
0.05357142857142857 0.10744006397493802
0.05714285714285714 0.11428571428571428
0.0 0.0
0.016666666666666666 0.049999999999999996
0.0 0.0
0.025 0.07500000000000001
0.025 0.07500000000000001
0.0 0.0
0.0 0.0
0.0 0.0
0.0 0.0
0.0 0.0
0.0 0.0
0.0 0.0
0.0 0.0
0.0 0.0
0.0 0.0
0.019999999999999997 0.05999999999999999
0.02 0.06
0.0 0.0
0.0 0.0
0.0 0.0
0.0 0.0
0.0 0.0
0.0 0.0
0.0 0.0
0.01818181818181818 0.05454545454545454
0.0 0.0
0.0 0.0
0.03333333333333334 0.10000000000000002
0.0 0.0
0.050233100233100236 0.07698741746572274
0.03333333333333334 0.10000000000000003
0.0 0.0
0.03076923076923077 0.061538461538461535
0.04 0.12000000000000001
0.028571428571428574 0.08571428571428572
0.0 0.0
0.01818181818181818 0.05454545454545454
0.01818181818181818 0.05454545454545454
0.01818181818181818 0.05454545454545454
0.010526315789473684 0.03157894736842105
0.0 0.0
0.042222222222222223 0.08459051693633014
0.0 0.0
0.0 0.0
0.04 0.12
0.0 0.0
0.0 0.0
0.0 0.0
0.0 0.0
0.0 0.0
0.025 0.07500000000000001
0.05555555555555556 0.1138550085106622
0.017028985507246377 0.034067605791062334
0.01818181818181818 0.05454545454545454
0.0 0.0
0.0 0.0
0.058333333333333334 0.11814539065631521
0.0 0.0
0.0 0.0
0.0 0.0
0.0 0.0
0.0 0.0
0.0 0.0
0.0 0.0
0.03333333333333334 0.10000000000000003
0.0 0.0
0.0 0.0
0.0 0.0
0.0 0.0
0.0 0.0
0.0 0.0
0.0 0.0
0.02222222222222222 0.06666666666666667
0.0 0.0
0.008333333333333335 0.02500000000000001
0.019999999999999997 0.05999999999999999
0.008695652173913045 0.026086956521739132
0.0 0.0
0.0 0.0
0.0 0.0
0.0 0.0
0.0 0.0
0.0 0.0
0.0 0.0
0.0 0.0
0.0 0.0
0.0 0.0
0.0 0.0
0.03333333333333334 0.10000000000000003
0.0 0.0