0.00909090909090909 0.02727272727272727
0.01 0.03
0.0 0.0
0.010526315789473686 0.031578947368421054
0.0 0.0
0.00909090909090909 0.027272727272727264
0.0 0.0
0.0 0.0
0.0 0.0
0.0 0.0
0.0 0.0
0.015384615384615385 0.04615384615384615
0.0 0.0
0.0 0.0
0.0 0.0
0.011111111111111112 0.03333333333333334
0.0 0.0
0.0 0.0
0.014285714285714287 0.04285714285714286
0.0 0.0
0.006896551724137931 0.02068965517241379
0.0 0.0
0.0 0.0
0.0 0.0
0.014035087719298244 0.04210526315789474
0.0 0.0
0.0 0.0
0.0 0.0
0.0044444444444444444 0.013333333333333332
0.0 0.0
0.0 0.0
0.013333333333333332 0.039999999999999994
0.0 0.0
0.0 0.0
0.015999999999999997 0.047999999999999994
0.0 0.0
0.01764705882352941 0.05294117647058823
0.0 0.0
0.0 0.0
0.0 0.0
0.006451612903225805 0.019354838709677417
0.0 0.0
0.013333333333333332 0.039999999999999994
0.0 0.0
0.0 0.0
0.0 0.0
0.0 0.0
0.0 0.0
0.0 0.0
0.0 0.0
0.01111111111111111 0.03333333333333333
0.01111111111111111 0.03333333333333333
0.0 0.0
0.0 0.0
0.01111111111111111 0.03333333333333333
0.0 0.0
0.0 0.0
0.0 0.0
0.0 0.0
0.0 0.0
0.0 0.0
0.0 0.0
0.01111111111111111 0.03333333333333333
0.0058823529411764705 0.01764705882352941
0.0 0.0
0.0 0.0
0.0 0.0
0.007692307692307691 0.023076923076923075
0.0 0.0
0.0 0.0
0.0 0.0
0.01111111111111111 0.03333333333333333
0.0 0.0
0.0 0.0
0.0 0.0
0.010526315789473684 0.03157894736842105
0.0 0.0
0.0 0.0
0.0125 0.037500000000000006
0.0 0.0
0.0 0.0
0.01818181818181818 0.05454545454545453
0.0 0.0
0.0 0.0
0.01111111111111111 0.03333333333333333
0.0 0.0
0.0 0.0
0.0 0.0
0.0 0.0
0.0 0.0
0.0 0.0
0.0 0.0
0.009523809523809523 0.02857142857142857
0.0 0.0
0.0 0.0
0.0064516129032258064 0.019354838709677417
0.015384615384615382 0.04615384615384615
0.0 0.0
0.0 0.0
0.008695652173913044 0.026086956521739126
0.0 0.0
0.016666666666666666 0.049999999999999996
0.0 0.0
0.0 0.0
0.0 0.0
0.0 0.0
0.0 0.0
0.0 0.0
0.010526315789473684 0.03157894736842105
0.0 0.0
0.0 0.0
0.0 0.0
0.0 0.0
0.008 0.024
0.00625 0.018750000000000003
0.009999999999999998 0.029999999999999995
0.0 0.0
0.0 0.0
0.0 0.0
0.0 0.0
0.0 0.0
0.0 0.0
0.01666666666666667 0.05000000000000002
0.009999999999999998 0.029999999999999995
0.008695652173913044 0.026086956521739126
0.0 0.0
0.00588235294117647 0.017647058823529408
0.0 0.0
0.007999999999999998 0.023999999999999997
0.0 0.0
0.009090909090909092 0.02727272727272728
0.0 0.0
0.015384615384615382 0.04615384615384615
0.0 0.0
0.0 0.0
0.0 0.0
0.0 0.0
0.0 0.0
0.0 0.0
0.0 0.0
0.0 0.0
0.0 0.0
0.0125 0.037500000000000006
0.0 0.0
0.0 0.0
0.0 0.0
0.0125 0.037500000000000006
0.0 0.0
0.0 0.0
0.0 0.0
0.0 0.0
0.0 0.0
0.0 0.0
0.0 0.0
0.0 0.0
0.0 0.0
0.0 0.0
0.0 0.0
0.0 0.0
0.0 0.0
0.01 0.03
0.02 0.06
0.0 0.0
0.0 0.0
0.01 0.03
0.0 0.0
0.0 0.0
0.0 0.0
0.0 0.0
0.0 0.0
0.0 0.0
0.0 0.0
0.0 0.0
0.0 0.0
0.014285714285714285 0.04285714285714285
0.0 0.0
0.0 0.0
0.009523809523809523 0.02857142857142857
0.0 0.0
0.0 0.0
0.005405405405405406 0.016216216216216217
0.0 0.0
0.016666666666666666 0.049999999999999996
0.014285714285714287 0.04285714285714286
0.01111111111111111 0.03333333333333333
0.0 0.0
0.0 0.0
0.0 0.0
0.0 0.0
0.0 0.0
0.0 0.0
0.0 0.0
0.0 0.0
0.0 0.0
0.0 0.0
0.006060606060606061 0.01818181818181818
0.01666666666666667 0.05000000000000002
0.0 0.0
0.0 0.0
0.0 0.0
0.0 0.0
0.0 0.0
0.0 0.0