0.9281162464985995 0.06337959230273363
0.9479084967320262 0.038052521087874706
0.9947368421052631 0.01578947368421051
0.9909090909090909 0.02727272727272728
0.9251307364721999 0.04088322661965779
0.9341322669418645 0.06569708224682676
0.9923076923076923 0.023076923076923092
0.990909090909091 0.02727272727272728
0.8712268746579092 0.06400894583359328
0.9702564102564102 0.03653643719088592
1.0 0.0
0.934053328314198 0.07242656020307635
0.8847816067135706 0.060769114119424913
0.93988344988345 0.07089700192271627
0.9541922989291411 0.05013392006516129
0.963078645229675 0.043532816860520684
0.9818181818181818 0.036363636363636376
0.9424948844259189 0.05898096094648445
0.9809595202398802 0.032949757844881467
1.0 0.0
0.9833043478260869 0.020477476215005227
0.9804511278195489 0.023981701682016424
0.9751879699248119 0.024872713822382153
1.0 0.0
0.9794736842105263 0.033655415323680334
1.0 0.0
0.9655555555555555 0.05718715214425676
0.9769230769230768 0.035250582268891106
0.9688544891640867 0.031405724949415216
0.9777777777777779 0.044444444444444425
0.9773809523809524 0.047155481715091346
0.8919058404209312 0.058974045113102745
1.0 0.0
0.9882352941176471 0.02352941176470589
1.0 0.0
0.8859209255528329 0.034249590708175105
0.8576415936060595 0.02039948162380782
0.9832167832167832 0.03371180641452855
0.9567565973757924 0.04314309960405834
0.9303076923076924 0.05620625115853679
0.9072804774083547 0.06979078763291764
0.931491384432561 0.06242312939274777
0.9598076923076924 0.04326809115308366
0.9235883827215098 0.039583786205362397
0.9403418803418804 0.08798172862335568
0.9857142857142858 0.04285714285714287
0.9319952101871143 0.08345811341696839
0.9554021082117057 0.0517862712551274
0.9832167832167832 0.03371180641452855
0.9485467504933579 0.06902643903684963
0.9923076923076923 0.023076923076923096
0.990909090909091 0.02727272727272728
1.0 0.0
1.0 0.0
0.9836257309941521 0.035262721477617144
0.9736842105263157 0.04852391819627833
0.8283732866847124 0.07162793383050933
0.9818181818181818 0.036363636363636376
0.9818181818181818 0.036363636363636376
0.9355555555555556 0.069175032961215
0.9690196078431373 0.03109930022416759
0.9655219780219781 0.05482972098547472
0.8975757575757577 0.11848807766402263
0.8978392743667886 0.05440662670818035
0.9746031746031747 0.051287283877471466
0.9528138528138527 0.054711404944491886
0.9432832080200502 0.06759078816679467
1.0 0.0
1.0 0.0
0.9815686274509805 0.028227123000671542
0.9933333333333334 0.019999999999999997
0.9933333333333334 0.019999999999999997
0.954702442380461 0.06504525120892031
1.0 0.0
0.9777777777777779 0.044444444444444425
1.0 0.0
0.9624088669950741 0.028894735751288186
0.9933333333333334 0.019999999999999997
0.9644133644133644 0.04447513353001908
0.9436530225431827 0.054237008717655986
0.990909090909091 0.02727272727272728
0.9511655011655012 0.05472260694947684
0.8899943077590702 0.051712728985932634
0.9923076923076923 0.023076923076923096
0.8907375720570074 0.04153578783343087
0.981304347826087 0.03207092801027829
0.9461276501276503 0.050428487788657356
0.9832167832167832 0.03371180641452855
0.9746031746031747 0.051287283877471466
0.8993522093522094 0.04269928336256562
0.9555900621118013 0.045412463437350926
0.990909090909091 0.02727272727272728
0.9412698412698413 0.104581374031931
0.9840925844021818 0.024428273989534934
0.978974358974359 0.03222618942228714
1.0 0.0
0.9470793650793652 0.03832261508441905
0.9558263138213083 0.04063971493904709
0.9721056721056721 0.043297074149200726
1.0 0.0
0.9800000000000001 0.05999999999999999
0.8762022029179983 0.05874298580121622
0.9267273576097106 0.05438854225510973
1.0 0.0
1.0 0.0
0.9797979797979798 0.04065578140908708
0.990909090909091 0.02727272727272728
0.9678632478632478 0.041017093126595086
0.9646886446886447 0.047692026354791035
0.9544011544011545 0.0570713911696931
0.9401154401154402 0.061571537449982984
0.948833902939166 0.05312084048318855
0.9510897435897435 0.04282900460862875
1.0 0.0
0.990909090909091 0.02727272727272728
0.9336227824463119 0.055944023126289225
0.990909090909091 0.02727272727272728
0.9866666666666667 0.026666666666666658
0.978974358974359 0.03222618942228714
1.0 0.0
0.9503618909940691 0.03273788044210736
0.9832167832167832 0.03371180641452855
1.0 0.0
0.9797979797979798 0.04065578140908708
0.896336272349884 0.04696924766590596
0.9538398692810459 0.04956586969814756
0.9766233766233766 0.04817464153504263
0.9273121529313479 0.0740804917591629
0.919974835853487 0.05591109944940116
0.9666666666666668 0.05091750772173153
0.8705428970731395 0.043371098890351005
0.9723076923076924 0.03403212312417859
0.9823529411764707 0.026956327617387303
0.990909090909091 0.02727272727272728
0.9818181818181818 0.036363636363636376
0.9888888888888889 0.03333333333333331
0.9875 0.037499999999999964
0.9818181818181818 0.036363636363636376
0.9664335664335664 0.04134753985760696
0.9721056721056721 0.043297074149200726
0.9822222222222223 0.03691832827963587
0.9555555555555555 0.04697983678396424
0.9777777777777779 0.044444444444444425
0.9546031746031748 0.07221158128482803
0.976470588235294 0.02881752638568446
0.9173476485200622 0.03753196663701737
0.9594290252757993 0.0314426697757916
0.9577089783281734 0.05880074513935222
0.9746031746031747 0.051287283877471466
0.9832167832167832 0.03371180641452855
0.9818181818181818 0.036363636363636376
0.9730994152046785 0.03663265441723
0.9783281733746131 0.02659657163456906
0.9783281733746131 0.02659657163456906
0.9730994152046785 0.03663265441723
0.9730994152046785 0.03663265441723
0.9520793650793651 0.037650520400161244
0.9487359177554081 0.04485988025088003
0.9434519678401768 0.054474036590466776
0.9563661234096017 0.039021948470014146
0.9690196078431372 0.03109930022416759
0.9764705882352942 0.028817526385684456
0.9447749474019498 0.053297559643113314
0.9888888888888889 0.03333333333333331
0.9587625707625707 0.04445345918100174
0.9933333333333334 0.019999999999999997
0.9923076923076923 0.023076923076923096
0.9739495798319329 0.045323652303064885
0.9832167832167832 0.03371180641452855
0.9832167832167832 0.03371180641452855
0.9248393376489353 0.05954739905415562
0.987450980392157 0.025159239109561474
0.927792444801053 0.052393373976556454
0.975 0.07500000000000002
0.9923076923076923 0.023076923076923096
0.9371129593933192 0.06568104316559754
1.0 0.0
0.9698039215686274 0.030277455916796266
0.975686274509804 0.02985547656576358
0.9639215686274509 0.02954479717935273
1.0 0.0
1.0 0.0
0.9923076923076923 0.023076923076923096
0.8837662337662338 0.08932761708580596
0.9655462184873951 0.05692618337626875
0.9375741890959283 0.047020406621243634
0.9587820512820512 0.043998881179368184
0.990909090909091 0.02727272727272728
1.0 0.0
0.9933333333333334 0.019999999999999997
0.9689743589743589 0.053398013048255304
0.9536722240383568 0.026761944064993187
0.9941176470588236 0.017647058823529415
0.9807843137254902 0.029422220363768927
0.9707070707070706 0.04504869317369244
0.9669108669108668 0.03757213405995332
0.990909090909091 0.02727272727272728
0.9818181818181818 0.036363636363636376
0.9882352941176471 0.02352941176470589
0.9698039215686274 0.030277455916796266
0.9823529411764707 0.0269563276173873
0.977124183006536 0.03746073171478979
0.9764705882352942 0.028817526385684456
0.9644230769230768 0.045518462994402396
0.9923076923076923 0.023076923076923096
0.9933333333333334 0.019999999999999997
0.9670897832817337 0.035099689878161026
0.9355719063545151 0.04575779663936099
0.9933333333333334 0.019999999999999997
0.9463480963480964 0.05812424151637615
0.9923076923076923 0.023076923076923096
1.0 0.0
0.9605994152046783 0.045559705330139685
0.9253874883286649 0.052517442767231415
1.0 0.0
1.0 0.0
0.9882352941176471 0.02352941176470589
0.9823529411764707 0.0269563276173873
0.9875 0.037499999999999964
0.9815686274509805 0.028227123000671542
0.9655219780219781 0.05482972098547472
0.9578296703296703 0.05484898882102611
0.9923076923076923 0.023076923076923096
0.9644230769230768 0.045518462994402396
0.9797979797979798 0.04065578140908708
0.9823529411764707 0.0269563276173873
0.9553250773993808 0.031800368034133907
0.9651583710407241 0.06930762007844256
0.990909090909091 0.02727272727272728
0.990909090909091 0.02727272727272728
1.0 0.0
1.0 0.0
1.0 0.0
0.9766233766233766 0.04817464153504263
0.8390835173220499 0.07092457334118757
0.9648796992481203 0.04039222659151505
0.9755244755244755 0.03756097622935886
0.9071789321789321 0.11334544979144402
1.0 0.0
0.934568354350963 0.0623023100561857
0.9606140350877194 0.053974747010672605
0.990909090909091 0.02727272727272728
0.9376606800268128 0.05741893482619512
0.9681840470742072 0.02812089022408271
1.0 0.0
0.972608695652174 0.03171529778232501
0.8511088410549557 0.0618656735037525
0.980952380952381 0.0233284737407922
0.9904761904761905 0.019047619047619067
0.975689223057644 0.024352082316844596
0.8626048411816912 0.06662503047031511
0.9804511278195489 0.023981701682016424
0.9807843137254902 0.029422220363768927
0.9856410256410257 0.028809378267052606
0.9808333333333333 0.04049176871085444
0.9888888888888889 0.03333333333333331
0.9273477812177504 0.047984545917892
0.9857142857142858 0.04285714285714287
0.9727272727272727 0.0416597790450531
0.9564985994397759 0.060964641057726636
1.0 0.0
0.9933333333333334 0.019999999999999997
0.9504721362229102 0.045591013834073636
0.9074369816822049 0.029742896733759638
0.9899749373433584 0.02008142919700263
0.9833333333333332 0.050000000000000024
0.9730650154798763 0.048893869479101744
1.0 0.0
0.9724458204334365 0.049253258807399655
0.9693451476060172 0.03348123262485186
0.9933333333333334 0.019999999999999997
0.9923076923076923 0.023076923076923096
0.9078499278499278 0.12947266740408972
0.9721153846153847 0.04436643075022818
0.9818181818181818 0.036363636363636376
1.0 0.0
0.9543562958780349 0.03562484487461124
0.9799749373433585 0.03320786872808006
0.9687782805429863 0.03163863548672099
0.9495973821706885 0.033629976809325904
0.9832167832167833 0.03371180641452855
0.9294011544011545 0.08125393165934709
0.9713852813852814 0.03822510822510823
0.9126308985132514 0.12003917762724514
0.9605882352941176 0.03430476073370196
0.879301417336913 0.062494344138863
0.9541176470588235 0.07899892689035079
0.8354926979974525 0.08634544747101774
0.9318300653594772 0.06714047316823808
0.957923116615067 0.03938973118772877
0.9815686274509805 0.028227123000671542
0.978235294117647 0.03490471458622776
0.987450980392157 0.025159239109561474
0.9823529411764707 0.026956327617387303
0.9746867167919799 0.04801902981843095
0.9243198777486704 0.07166620126273804
0.9704761904761904 0.03977259622442114
0.990909090909091 0.02727272727272728
0.9888888888888889 0.03333333333333331
0.9800000000000001 0.059999999999999956
0.9888888888888889 0.03333333333333331