0.0 0.0
0.0 0.0
0.0 0.0
0.019999999999999997 0.05999999999999999
0.0 0.0
0.0 0.0
0.0 0.0
0.0 0.0
0.0 0.0
0.0 0.0
0.0 0.0
0.06043956043956045 0.07408419248651944
0.023529411764705882 0.047058823529411764
0.0 0.0
0.02857142857142857 0.0857142857142857
0.0 0.0
0.0 0.0
0.015384615384615385 0.04615384615384615
0.02857142857142857 0.08571428571428572
0.0 0.0
0.0 0.0
0.0 0.0
0.0 0.0
0.0 0.0
0.0 0.0
0.0 0.0
0.06 0.0916515138991168
0.0 0.0
0.0 0.0
0.0 0.0
0.0 0.0
0.0404040404040404 0.08131156281817417
0.0 0.0
0.02857142857142857 0.0857142857142857
0.0 0.0
0.0 0.0
0.02222222222222222 0.06666666666666667
0.0 0.0
0.0 0.0
0.0 0.0
0.0 0.0
0.0 0.0
0.0 0.0
0.0 0.0
0.0 0.0
0.0 0.0
0.02857142857142857 0.0857142857142857
0.01818181818181818 0.05454545454545454
0.0 0.0
0.0 0.0
0.0 0.0
0.0 0.0
0.0 0.0
0.0 0.0
0.0 0.0
0.03333333333333334 0.10000000000000002
0.0 0.0
0.06666666666666668 0.13333333333333336
0.0 0.0
0.039999999999999994 0.07999999999999999
0.0 0.0
0.0 0.0
0.0 0.0
0.0 0.0
0.014285714285714287 0.04285714285714286
0.0 0.0
0.06666666666666668 0.13333333333333336
0.0 0.0
0.0 0.0
0.0 0.0
0.03333333333333334 0.10000000000000002
0.0 0.0
0.019999999999999997 0.05999999999999999
0.0 0.0
0.02426470588235294 0.04855725582676193
0.0 0.0
0.05 0.10000000000000002
0.02222222222222222 0.06666666666666667
0.0 0.0
0.03636363636363636 0.10909090909090906
0.0 0.0
0.0 0.0
0.14404761904761904 0.14526248819358173
0.1257936507936508 0.16890084171212932
0.0 0.0
0.0 0.0
0.0 0.0
0.02222222222222222 0.06666666666666667
0.019999999999999997 0.05999999999999999
0.025 0.07500000000000001
0.0 0.0
0.02857142857142857 0.0857142857142857
0.01455026455026455 0.02910654098554325
0.0 0.0
0.025 0.07500000000000001
0.0 0.0
0.06222222222222222 0.09521904571390465
0.0 0.0
0.0 0.0
0.0 0.0
0.0 0.0
0.0 0.0
0.02857142857142857 0.0857142857142857
0.025 0.07500000000000001
0.0 0.0
0.0 0.0
0.022222222222222223 0.06666666666666668
0.0 0.0
0.009999999999999998 0.029999999999999995
0.0 0.0
0.06666666666666668 0.13333333333333336
0.0 0.0
0.0 0.0
0.0 0.0
0.01666666666666667 0.05000000000000002
0.0 0.0
0.0 0.0
0.011764705882352941 0.03529411764705882
0.0 0.0
0.0 0.0
0.0 0.0
0.0 0.0
0.03676470588235294 0.056191097572184705
0.0 0.0
0.01818181818181818 0.05454545454545454
0.019999999999999997 0.06
0.0 0.0
0.0 0.0
0.0 0.0
0.04722222222222222 0.09464847243000456
0.038181818181818185 0.07647178489022942
0.06190476190476191 0.12426655572095131
0.0 0.0
0.0 0.0
0.0 0.0
0.025 0.07500000000000001
0.0 0.0
0.0 0.0
0.0 0.0
0.0 0.0
0.0 0.0
0.02222222222222222 0.06666666666666667
0.025 0.07500000000000001
0.06 0.0916515138991168
0.0 0.0
0.06 0.0916515138991168
0.0 0.0
0.0 0.0
0.0 0.0
0.0 0.0
0.0 0.0
0.019999999999999997 0.05999999999999999
0.0 0.0
0.025 0.07500000000000001
0.0 0.0
0.02222222222222222 0.06666666666666667
0.0 0.0
0.0 0.0
0.08993506493506494 0.13981448386027776
0.0 0.0
0.0 0.0
0.0 0.0
0.0 0.0
0.0 0.0
0.014285714285714287 0.04285714285714286
0.02857142857142857 0.0857142857142857
0.0 0.0
0.0 0.0
0.0 0.0
0.0 0.0
0.0 0.0
0.0 0.0
0.0 0.0
0.07999999999999999 0.09797958971132711
0.0 0.0
0.0 0.0
0.019999999999999997 0.05999999999999999
0.0 0.0
0.0 0.0
0.0 0.0
0.01455026455026455 0.02910654098554325
0.0 0.0
0.0 0.0
0.0 0.0
0.0 0.0
0.0 0.0
0.0 0.0
0.0 0.0
0.0 0.0
0.06944444444444445 0.14553540997144152
0.0 0.0
0.0 0.0
0.0 0.0
0.13571428571428573 0.13627702877384937
0.0 0.0
0.0 0.0
0.04743589743589744 0.09997534212759951
0.0 0.0
0.01818181818181818 0.05454545454545454
0.0 0.0
0.0 0.0
0.08690476190476192 0.13405945985088186
0.0 0.0