0.14487179487179486 0.13271676970109997
0.04474969474969475 0.0365676276108246
0.09633699633699636 0.07898084881623345
0.11064935064935064 0.09170118742601722
0.11547619047619047 0.14266355931513341
0.049667350193665985 0.04982666521235384
0.10032467532467533 0.12576674941020907
0.10531045751633987 0.09618372831443182
0.10808702791461414 0.08923818450673146
0.07986640810170222 0.10332705541062476
0.08805860805860806 0.09637072349348119
0.17487565066512434 0.11117064517274443
0.10665376676986585 0.06417710088098061
0.10648395721925134 0.11373032054698057
0.10357142857142856 0.1693700814482768
0.06583333333333333 0.0658755139132389
0.07337068160597573 0.09439248365125262
0.12620340443869854 0.09401786712173249
0.1151098901098901 0.19756720626211874
0.07936729936729939 0.0806093049759716
0.050793650793650794 0.10257456775494293
0.06262626262626261 0.09623034637425901
0.10282051282051283 0.14156284628295573
0.11783613445378152 0.11119074897213511
0.12825100346652069 0.09518346305486002
0.09913419913419914 0.13319622455137659
0.11818181818181817 0.09663768920667862
0.11764498464498466 0.06638531971660709
0.0961060608893168 0.05769058005568607
0.11213786213786217 0.07424765916065482
0.14601651186790504 0.08808940591858941
0.09999999999999999 0.09999999999999999
0.03636363636363636 0.10909090909090906
0.1587301587301587 0.1649572197684645
0.09911217437533226 0.10943987586765558
0.1025030525030525 0.09706401025229305
0.13935508935508936 0.14390631255418532
0.08904761904761906 0.07079240514243276
0.10707070707070707 0.10767885229281964
0.10722222222222225 0.14032699906527848
0.19646464646464645 0.08410114597804796
0.07454545454545454 0.12235971897011812
0.07285714285714286 0.07327920079968987
0.12996336996336993 0.09780656038341877
0.03801470588235294 0.050515466976789616
0.0 0.0
0.05357142857142857 0.10744006397493802
0.07888888888888887 0.09742993683972391
0.08262626262626263 0.14223843456722907
0.05775575301891091 0.07553945506829483
0.14158717873114157 0.08957218511735582
0.10701572936867054 0.10646351847122472
0.12857142857142856 0.17068290207640743
0.08818181818181817 0.1566197690782224
0.08504273504273505 0.08708831330978656
0.03333333333333334 0.10000000000000002
0.075 0.16007810593582122
0.13714285714285715 0.21411421708794512
0.061319966583124476 0.10222246255252536
0.09484848484848483 0.09532747675088991
0.20737616099071204 0.0765085825279868
0.07857142857142857 0.12037356818823369
0.12180653324131585 0.07539294789409706
0.03479498090176621 0.04655040653475123
0.08777777777777779 0.1275372131604762
0.07519607843137255 0.08100887311911714
0.11111111111111112 0.17213259316477408
0.09210973256134544 0.06536756506468754
0.1043627450980392 0.0611303773237163
0.10500000000000001 0.16500000000000004
0.08888888888888889 0.13877773329774218
0.028717948717948714 0.05761875653410518
0.09999999999999999 0.09999999999999999
0.12857142857142856 0.17068290207640743
0.09436274509803921 0.06873265551177775
0.1328723397471918 0.06429232340818654
0.09166666666666667 0.15012854574301845
0.07525252525252525 0.12359711696355165
0.11784917980570156 0.1243013205892686
0.05974825174825175 0.11251733561643175
0.12382395382395384 0.10563386481699766
0.13595959595959597 0.14767676767676768
0.09047619047619047 0.138750497946033
0.06190476190476191 0.12426655572095133
0.15992260061919503 0.13217830451262605
0.09272727272727273 0.1234356659817722
0.09801587301587301 0.15671388056841615
0.13166666666666668 0.10829913990288059
0.09205128205128203 0.09311929529275088
0.05357142857142857 0.10744006397493802
0.08568376068376068 0.09360071941259966
0.10357142857142856 0.1693700814482768
0.06652518618035859 0.06993092426055555
0.061721611721611724 0.07578103035355142
0.18430014430014427 0.15711354120545873
0.05429629629629629 0.05890989609003584
0.09356643356643354 0.09443501225155085
0.07532051282051282 0.1024764248637703
0.08412698412698413 0.13090186615885196
0.1388888888888889 0.1511274500970605
0.22738095238095238 0.1694964791297736
0.08222222222222221 0.10088497300281037
0.025 0.07500000000000001
0.15111111111111114 0.16653327995729064
0.07999999999999999 0.09797958971132711
0.08398692810457517 0.10848295053822003
0.15079365079365079 0.166921573774582
0.07243107769423558 0.10098453860539308
0.08497076023391813 0.10598906622200663
0.06190476190476191 0.09943149056105285
0.15968253968253968 0.20244935040888024
0.12362637362637363 0.11637533276508863
0.07175324675324676 0.1121183393136782
0.0768997668997669 0.07805388019430702
0.10675324675324675 0.12140618355090681
0.08076923076923077 0.12974080264564966
0.09053221288515405 0.10219175366294797
0.10063492063492063 0.11638330776372832
0.09146825396825396 0.08428897439365117
0.09013157894736842 0.10472932067677267
0.09176470588235294 0.10648155614616063
0.11553759965524671 0.08405618979160587
0.08157894736842106 0.0978119344212937
0.07982905982905983 0.0993515391023731
0.11401515151515151 0.12988006139875355
0.05858585858585859 0.0900973863473849
0.11191142191142192 0.07149657706226692
0.13999999999999999 0.1841195263952197
0.12900467953099531 0.09191030337721791
0.10944444444444446 0.14840822079655833
0.11105339105339104 0.12318749078882238
0.19145021645021645 0.20886181353732738
0.1602331002331002 0.14062638584831588
0.05964052287581699 0.059755686108512854
0.13864801864801862 0.14793315813983782
0.0904040404040404 0.11212121212121212
0.10540404040404039 0.13922659586231587
0.20579119367045062 0.07534063084111146
0.1641025641025641 0.14915938022819478
0.13303030303030303 0.1179597758712674
0.0473890608875129 0.058380253656009407
0.04722222222222222 0.09464847243000456
0.10454545454545454 0.1345331689722613
0.1409090909090909 0.15422575369815808
0.15568480023588382 0.11332197790764324
0.09454545454545453 0.12486025246101377
0.12803030303030302 0.13549597698682542
0.1185858585858586 0.15523790208663862
0.09529411764705882 0.08699334128834461
0.07047619047619047 0.11461856292061244
0.13090909090909092 0.11833556432925801
0.09666666666666665 0.09712534856222309
0.15157731157731155 0.10478495929333946
0.09 0.14282856857085702
0.045 0.09069178573608527
0.08636363636363636 0.13514607952107732
0.03403781979977753 0.05534125015307622
0.0744047619047619 0.07525702368890543
0.1 0.16583123951777
0.075 0.16007810593582122
0.09428104575163399 0.08648036937255046
0.1447198879551821 0.09267272797047721
0.1876984126984127 0.16850881044856564
0.16326797385620914 0.12361956802712902
0.1812464985994398 0.0960760314030066
0.1488095238095238 0.15051404737781085
0.07964932126696833 0.08864717401535314
0.04886083743842364 0.08457149170617802
0.11273809523809523 0.10987785684129572
0.08617167919799498 0.07424734858899103
0.122296918767507 0.1143968948957335
0.10040613453956782 0.04708265629584383
0.11674603174603175 0.08756252490189949
0.12069930069930071 0.16511323259649271
0.05636363636363636 0.08622476873730454
0.07222222222222222 0.11055415967851333
0.11080086580086582 0.12012860067189327
0.07936507936507936 0.12233554836823932
0.09494949494949494 0.12552918289216955
0.12841491841491842 0.08906451215940961
0.04773730739247981 0.04331727321995477
0.02967032967032967 0.05939151260163367
0.07377289377289377 0.07400504013010231
0.12936507936507935 0.17184143405491556
0.0987244128420599 0.09139562667357201
0.13799019607843138 0.11073348097284898
0.10636363636363637 0.14070823090445272
0.13803030303030303 0.15231071439333566
0.05 0.10000000000000002
0.1316017316017316 0.1695840442556651
0.10612745098039215 0.1070326608303702
0.0942857142857143 0.10454089241029582
0.027185960591133006 0.04543401430336539
0.13214285714285712 0.17353615161794772
0.10673382173382176 0.09824493304402579
0.04784734360930133 0.05372622619203804
0.10326340326340326 0.11283616412656511
0.021085164835164837 0.03237222392480847
0.03818181818181818 0.0764717848902294
0.09345238095238095 0.1042591426248158
0.06857142857142859 0.09093118676022867
0.13690476190476192 0.17827356109371356
0.15025252525252525 0.19079699156593954