0.0 0.0
0.0 0.0
0.0 0.0
0.0 0.0
0.028181818181818186 0.059258503591753685
0.04222222222222222 0.08459051693633013
0.05 0.10000000000000002
0.0 0.0
0.014285714285714287 0.04285714285714286
0.025 0.07500000000000001
0.03333333333333334 0.10000000000000002
0.0 0.0
0.0 0.0
0.0 0.0
0.05454545454545454 0.08331955809010619
0.01818181818181818 0.05454545454545454
0.1451048951048951 0.1320644485748614
0.028571428571428574 0.05714285714285714
0.04505494505494506 0.06888102832621898
0.04 0.12000000000000001
0.06076923076923078 0.07480898313653528
0.0 0.0
0.08228438228438228 0.10750849609636397
0.04 0.12
0.06166666666666667 0.09604686356149274
0.022222222222222223 0.06666666666666668
0.0 0.0
0.025 0.07500000000000001
0.07818181818181817 0.0958821590795288
0.0 0.0
0.046153846153846156 0.07050116453778216
0.027310370788631654 0.041758389266517766
0.0 0.0
0.0404040404040404 0.08131156281817419
0.025 0.07500000000000001
0.0477056277056277 0.06274541965464124
0.04278656126482213 0.05678135561645536
0.0 0.0
0.05636363636363637 0.11851700718350737
0.015384615384615385 0.046153846153846156
0.0 0.0
0.0 0.0
0.0 0.0
0.0 0.0
0.0 0.0
0.0 0.0
0.015384615384615385 0.046153846153846156
0.0 0.0
0.0 0.0
0.12294891640866874 0.13658688818421644
0.0 0.0
0.05714285714285714 0.11428571428571428
0.05 0.10000000000000002
0.0 0.0
0.0 0.0
0.0 0.0
0.0 0.0
0.06666666666666668 0.13333333333333336
0.06666666666666668 0.13333333333333336
0.0 0.0
0.0 0.0
0.0 0.0
0.08095238095238096 0.13307798678554403
0.013333333333333332 0.039999999999999994
0.04 0.12
0.0 0.0
0.0125 0.037500000000000006
0.0 0.0
0.0 0.0
0.04 0.12
0.025 0.07500000000000001
0.02857142857142857 0.0857142857142857
0.019999999999999997 0.06
0.053333333333333344 0.11075498483890768
0.0 0.0
0.0 0.0
0.11904970760233917 0.13045855105609006
0.06944444444444445 0.14553540997144152
0.0 0.0
0.04895104895104895 0.10186773557835045
0.03333333333333334 0.10000000000000002
0.0 0.0
0.03870813397129187 0.04756685997037456
0.0 0.0
0.016387959866220735 0.032852616563240226
0.03333333333333334 0.06666666666666668
0.026666666666666665 0.07999999999999999
0.0 0.0
0.04 0.12
0.09078529657477026 0.05252498853693892
0.0 0.0
0.0 0.0
0.0 0.0
0.0 0.0
0.05858585858585859 0.12136354178485324
0.0 0.0
0.02678571428571429 0.05372003198746902
0.038431372549019606 0.05884444072753787
0.06190476190476191 0.12426655572095133
0.025 0.07500000000000001
0.0 0.0
0.023529411764705882 0.047058823529411764
0.019999999999999997 0.05999999999999999
0.0 0.0
0.0 0.0
0.0 0.0
0.0 0.0
0.06222222222222222 0.13063945294843618
0.02857142857142857 0.0857142857142857
0.04 0.12
0.065 0.13425721582097552
0.0 0.0
0.025 0.07500000000000001
0.0 0.0
0.0 0.0
0.0 0.0
0.025 0.07500000000000001
0.0 0.0
0.0 0.0
0.0 0.0
0.019999999999999997 0.05999999999999999
0.0 0.0
0.04 0.12
0.0 0.0
0.016666666666666666 0.03333333333333333
0.04222222222222222 0.08459051693633013
0.04 0.12
0.0 0.0
0.0 0.0
0.1 0.1527525231651947
0.02778656126482214 0.04254993491610544
0.02857142857142857 0.0857142857142857
0.0 0.0
0.028571428571428574 0.08571428571428572
0.03333333333333334 0.10000000000000003
0.08571428571428572 0.1829464067837957
0.0 0.0
0.03333333333333334 0.10000000000000002
0.0 0.0
0.06190476190476191 0.12426655572095133
0.0 0.0
0.0 0.0
0.07333333333333333 0.14742229591663988
0.03333333333333334 0.10000000000000003
0.04444444444444444 0.08888888888888888
0.013333333333333332 0.039999999999999994
0.05964052287581699 0.059755686108512854
0.10484848484848483 0.15521068947312153
0.04 0.12000000000000001
0.0 0.0
0.0 0.0
0.019999999999999997 0.05999999999999999
0.07666666666666666 0.09433981132056603
0.039999999999999994 0.07999999999999999
0.03818181818181818 0.0764717848902294
0.039999999999999994 0.07999999999999999
0.04190476190476191 0.06405779703161996
0.028571428571428574 0.05714285714285714
0.02871794871794872 0.05761875653410519
0.014285714285714287 0.04285714285714286
0.04444444444444444 0.08888888888888888
0.02222222222222222 0.06666666666666667
0.0 0.0
0.019999999999999997 0.06
0.03076923076923077 0.06153846153846154
0.0 0.0
0.0 0.0
0.06262626262626263 0.09623034637425901
0.0 0.0
0.0 0.0
0.019999999999999997 0.05999999999999999
0.025 0.07500000000000001
0.029523809523809525 0.04511512107553148
0.0 0.0
0.025 0.07500000000000001
0.03076923076923077 0.06153846153846154
0.0 0.0
0.0 0.0
0.04222222222222222 0.08459051693633013
0.04444444444444444 0.08888888888888888
0.0 0.0
0.03333333333333334 0.10000000000000002
0.05 0.10000000000000002
0.0 0.0
0.04722222222222222 0.09464847243000456
0.01666666666666667 0.05000000000000001
0.025 0.07500000000000001
0.0 0.0
0.0 0.0
0.07532467532467532 0.11814613418747177
0.0 0.0
0.03666666666666667 0.07371114795831994
0.025 0.07500000000000001
0.02 0.06
0.0 0.0
0.01666666666666667 0.05000000000000002
0.03333333333333334 0.10000000000000003
0.0 0.0
0.04444444444444444 0.08888888888888888
0.04444444444444444 0.08888888888888888
0.04444444444444444 0.08888888888888888
0.04 0.12
0.02222222222222222 0.06666666666666667
0.0 0.0
0.0 0.0
0.05 0.10000000000000002
0.03636363636363636 0.10909090909090906
0.029670329670329676 0.059391512601633674
0.05 0.10000000000000002
0.05714285714285714 0.11428571428571428
0.02857142857142857 0.08571428571428572
0.0 0.0
0.0715151515151515 0.11533637474293604
0.0 0.0
0.05 0.10000000000000002
0.05 0.10000000000000002
0.02222222222222222 0.06666666666666667
0.04 0.12
0.0 0.0
0.02222222222222222 0.06666666666666667
0.025 0.07500000000000001
0.05357142857142857 0.10744006397493802
0.050793650793650794 0.10257456775494293
0.0 0.0
0.0 0.0
0.0 0.0
0.019999999999999997 0.05999999999999999
0.02222222222222222 0.06666666666666667
0.0 0.0
0.0 0.0
0.0 0.0
0.0 0.0
0.0 0.0
0.0 0.0
0.0 0.0
0.03636363636363636 0.07272727272727272
0.025 0.07500000000000001
0.06000000000000001 0.128062484748657
0.03333333333333334 0.10000000000000002
0.0 0.0
0.08205128205128207 0.08213137116947164
0.04 0.12
0.0 0.0
0.14237096237096242 0.08107037542534618
0.04 0.12000000000000001
0.03076923076923077 0.0923076923076923
0.00909090909090909 0.027272727272727264
0.0 0.0
0.0 0.0
0.0 0.0
0.02957393483709273 0.04524902845547872
0.0 0.0
0.08444444444444445 0.13691486045110546
0.05 0.10000000000000002
0.0 0.0
0.0 0.0
0.0 0.0
0.0 0.0
0.03333333333333334 0.10000000000000002
0.02222222222222222 0.06666666666666667
0.0 0.0
0.0 0.0
0.06222222222222222 0.09521904571390465
0.017786561264822136 0.03558410019462697
0.01818181818181818 0.05454545454545453
0.0 0.0
0.019999999999999997 0.06
0.0 0.0
0.02222222222222222 0.06666666666666667
0.0 0.0
0.0 0.0
0.0 0.0
0.0 0.0
0.0 0.0
0.0 0.0
0.2051948051948052 0.32533958023766346
0.0 0.0
0.0 0.0
0.0 0.0
0.0 0.0
0.0 0.0
0.06857142857142857 0.13950349275124233
0.0 0.0
0.0 0.0
0.04444444444444444 0.08888888888888888
0.008333333333333335 0.02500000000000001
0.14555555555555552 0.2029687076775538
0.0 0.0
0.0 0.0
0.04222222222222222 0.08459051693633013
0.02222222222222222 0.06666666666666667
0.03636363636363636 0.10909090909090906
0.02222222222222222 0.06666666666666667
0.01818181818181818 0.05454545454545454
0.0 0.0
0.0 0.0
0.0 0.0
0.14190476190476192 0.17645796940344294
0.0 0.0
0.02 0.06
0.0 0.0