0.06190476190476191 0.12426655572095131
0.6830447330447331 0.2183942997507092
0.6236507936507936 0.18505846760510777
0.7836075036075035 0.2381465089753288
0.09714285714285716 0.19803112515615381
0.5988095238095238 0.4091054295124158
0.25272727272727274 0.17517641639074633
0.2998232323232323 0.143919724422503
0.26381895881895884 0.20530758154069995
0.24872016872016872 0.19296378269826497
0.6857342657342657 0.1694877485316289
0.678420190920191 0.15710378129236868
0.6322832722832723 0.16302098658133543
0.6357503607503607 0.3739058037656557
0.36252886002886003 0.19990088625123134
0.7584415584415585 0.2380838249920997
0.7084126984126985 0.18347421234636743
0.5365367965367965 0.3064650106459789
0.7217171717171718 0.14845250550695746
0.6334953934953935 0.15316754773019084
0.7073692973692973 0.18176058440433102
0.668150183150183 0.1504416815538782
0.6626190476190476 0.16412362604405967
0.2215750915750916 0.2004850248600785
0.1469230769230769 0.188868564478734
0.563961038961039 0.43143975704242
0.5648484848484848 0.40061904959153266
0.5623953823953824 0.35186161033845315
0.6432900432900432 0.39253448164221755
0.5354001554001554 0.26160334482785425
0.06666666666666667 0.19999999999999998
0.613491420859842 0.23854905143694494
0.5659418359418359 0.25191528781802247
0.5974858474858474 0.307197218377742
0.6839310689310689 0.22391960144032433
0.7322788322788323 0.17442094335526492
0.6828571428571429 0.3439892024883505
0.7317460317460318 0.33493662039636646
0.05 0.15000000000000002
0.7125396825396826 0.31571600149565293
0.5747979797979798 0.36057489679447613
0.6989316239316239 0.19562768098678285
0.6752145240380535 0.1726064666616332
0.24793650793650798 0.18334508311142078
0.7135281385281385 0.3166919095554171
0.7329365079365079 0.33230211804446946
0.09047619047619049 0.18862192686036533
0.09047619047619049 0.18862192686036533
0.09047619047619049 0.18862192686036533
0.09047619047619049 0.138750497946033
0.557979797979798 0.4022270418616518
0.10666666666666666 0.2215099696778153
0.05714285714285714 0.11428571428571428
0.1304761904761905 0.2067368763777323
0.13214285714285715 0.2672851034581094
0.1 0.1527525231651947
0.08571428571428572 0.1829464067837957
0.06666666666666668 0.13333333333333336
0.09 0.18138357147217055
0.07333333333333333 0.14742229591663988
0.16936507936507933 0.14519046838151442
0.26015873015873014 0.18319475281873512
0.7254132142367435 0.17992706920927592
0.2001098901098901 0.1407743396277691
0.1815449256625727 0.18571831098289482
0.21496753246753247 0.18648706795561726
0.17238095238095238 0.20253271620601657
0.2871428571428572 0.31890757409683224
0.325 0.29432125305522877
0.7476190476190475 0.3340468553770587
0.26129870129870125 0.2519378763509489
0.2946320346320346 0.2671308716140689
0.04 0.12
0.09047619047619049 0.18862192686036533
0.09523809523809525 0.14599723539767517
0.08571428571428572 0.18294640678379567
0.09047619047619049 0.18862192686036533
0.10666666666666669 0.1638427430325934
0.08 0.16
0.621031746031746 0.4122985318492892
0.09833333333333334 0.15392097539538488
0.17894491129785245 0.14303812614418504
0.3780952380952381 0.3463852861192422
0.09444444444444444 0.18929694486000914
0.05 0.15000000000000002
0.03333333333333333 0.09999999999999999
0.03333333333333334 0.10000000000000003
0.04 0.12
0.09047619047619049 0.18862192686036533
0.06666666666666668 0.13333333333333336
0.0 0.0
0.0 0.0
0.02761904761904762 0.055279130898786485
0.2914085914085914 0.2686446499265967
0.30653679653679655 0.2840752178721668
0.16428571428571428 0.17510929531616093
0.20714285714285713 0.2223483202324769
0.3301343101343101 0.18727019443273127
0.2512914862914863 0.23791746052208199
0.21571428571428575 0.22645898849325402
0.33266955266955267 0.2871599860648909
0.4780952380952381 0.3665565697417817
0.29714285714285715 0.2219190675952796
0.11904761904761907 0.1943067215533635
0.13166666666666665 0.1647304195074823
0.04 0.12
0.10666666666666669 0.1638427430325934
0.06666666666666668 0.13333333333333336
0.03333333333333334 0.10000000000000003
0.09047619047619049 0.18862192686036533
0.7178571428571429 0.36716300667331364
0.7447619047619047 0.3117007693518135
0.02222222222222222 0.06666666666666667
0.09047619047619049 0.18862192686036533
0.06944444444444445 0.14553540997144152
0.655900765900766 0.20027887717429932
0.0 0.0
0.10666666666666669 0.1638427430325934
0.07333333333333333 0.14742229591663988
0.07333333333333333 0.14742229591663988
0.06666666666666667 0.19999999999999998
0.04 0.12
0.1 0.21343747458109497
0.7174603174603174 0.31529419728089236
0.7701587301587302 0.3407022226742106
0.7221886446886446 0.22334519426070773
0.7407905982905982 0.18584087682977934
0.7123709623709624 0.1953697550896933
0.7696636696636696 0.1596534825371419
0.735576923076923 0.17701299508044718
0.7461521811521812 0.14709457835163858
0.7203263403263402 0.18516308763096753
0.792875751699281 0.11705927160738117
0.7058041958041957 0.1485850240075612
0.7578912753912753 0.18225832859287588
0.7105006105006104 0.20987928467866052
0.06666666666666668 0.13333333333333336
0.5527777777777778 0.3991599976246414
0.5873304473304473 0.33128624237890625
0.746031746031746 0.3245876505000504
0.06136363636363636 0.12533014253602034
0.06190476190476191 0.12426655572095133
0.05 0.15000000000000002
0.06944444444444445 0.14553540997144152
0.09166666666666667 0.1416666666666667
0.07857142857142857 0.16428571428571428
0.07857142857142857 0.16428571428571428
0.07857142857142857 0.16428571428571428
0.07857142857142857 0.16428571428571428
0.02857142857142857 0.0857142857142857
0.07857142857142857 0.16428571428571428
0.03333333333333334 0.10000000000000003
0.09047619047619049 0.18862192686036533
0.07857142857142857 0.16428571428571428
0.02857142857142857 0.0857142857142857
0.02857142857142857 0.0857142857142857
0.2526023391812865 0.21956274302786227
0.05 0.10000000000000002
0.10357142857142856 0.1693700814482768
0.02857142857142857 0.0857142857142857
0.050793650793650794 0.10257456775494293
0.07857142857142857 0.12037356818823368
0.08571428571428572 0.13093073414159542
0.08571428571428572 0.18294640678379567
0.06944444444444445 0.10632032893891465
0.05714285714285714 0.11428571428571428
0.07333333333333333 0.14742229591663988
0.37904761904761897 0.28754335175469103
0.29714285714285715 0.2781474184574752
0.3430952380952381 0.2508770330546137
0.27071428571428574 0.2653924702498285
0.3871428571428571 0.30801868482947853
0.35500000000000004 0.3178057743403691
0.1304761904761905 0.20673687637773233
0.13999999999999999 0.2279376132970501
0.15904761904761905 0.20647346685956242
0.11857142857142858 0.1873608327069803
0.09047619047619049 0.18862192686036533
0.10666666666666669 0.1638427430325934
0.06666666666666668 0.13333333333333336
0.1 0.1527525231651947
0.31623376623376626 0.2437999962780792
0.36099524658348187 0.2380759468571379
0.41035353535353536 0.22155872597164428
0.31867498514557335 0.24797241254859181
0.23049316696375519 0.21071289578019128
0.3406349206349206 0.23097087145748307
0.7634920634920636 0.32269103435533064
0.6765079365079365 0.3606842409824994
0.25287878787878787 0.2391446993470549
0.241998001998002 0.20760624891959412
0.19548562548562548 0.16821440661753378
0.1848018648018648 0.16809978663261257
0.5577777777777777 0.4592479090592669
0.0912121212121212 0.12242161713356753
0.05 0.15000000000000002
0.03333333333333334 0.10000000000000003
0.10666666666666666 0.2215099696778153
0.09 0.18138357147217055
0.08 0.16
0.08 0.16
0.07333333333333333 0.14742229591663988
0.04 0.12
0.05 0.15000000000000002
0.04 0.12
0.05 0.15000000000000002
0.7892857142857144 0.33898482899049376
0.04 0.12
0.09047619047619049 0.18862192686036533
0.05357142857142857 0.10744006397493802
0.028571428571428574 0.08571428571428572
0.04 0.12000000000000001
0.06190476190476191 0.12426655572095133
0.03333333333333334 0.10000000000000003
0.27880952380952384 0.25571572669630355
0.3016666666666667 0.2268687824369947
0.13214285714285715 0.23476540613635422
0.2119047619047619 0.23436361461386296
0.18333333333333335 0.2409472049133493
0.15238095238095242 0.1995459699024473
0.3146607016172233 0.2759856519665413
0.34322472848788643 0.2553281185477586
0.5101190476190476 0.27289421719649815
0.551940836940837 0.3086335705218366
0.30952380952380953 0.26448941099045364
0.32205128205128203 0.2981141691645556
0.47571428571428565 0.1805817005316248
0.0 0.0
0.0 0.0
0.0 0.0
0.0 0.0
0.02222222222222222 0.06666666666666667
0.0 0.0
0.0 0.0
0.8136724386724387 0.16427980861536112
0.8429653679653679 0.15029381748302617
0.0 0.0
0.0 0.0
0.01818181818181818 0.05454545454545454
0.0 0.0
0.0 0.0
0.11904761904761907 0.1943067215533635
0.0 0.0
0.8204761904761904 0.11232040338190127
0.7607503607503608 0.1338713237800472
0.7712698412698413 0.1090978604716244
0.7426984126984129 0.11975914351955834
0.7678571428571429 0.1695076273413186
0.1058080808080808 0.1674242424242424
0.213989898989899 0.20269911804413912
0.1769047619047619 0.24541613971508283
0.1554761904761905 0.2045515253685786
0.5103968253968254 0.29368134761679987
0.28027795733678085 0.2387178499182566
0.08333333333333334 0.17078251276599327
0.08333333333333334 0.17078251276599327
0.09523809523809525 0.14599723539767517
0.05357142857142858 0.10744006397493804
0.4135281385281385 0.3010550293220931
0.4133333333333334 0.33762240578624053
0.0 0.0
0.0 0.0
0.4030508380508381 0.3161320816331413
0.33567793317793315 0.262026042198496
0.3414430014430014 0.2632086038459028
0.43609668109668115 0.2968384481778527
0.41277777777777774 0.28236271656099304
0.3790753690753691 0.21215205097571257
0.39357142857142857 0.28145781144262283
0.41606060606060613 0.24504161550073797
0.30730158730158735 0.2748903902128871
0.37217893217893216 0.30784892003345204
0.74 0.3514285714285714
0.775 0.33275672918263655
0.7523809523809524 0.32701494692170274
0.7380952380952381 0.3303008317515751
0.05 0.15000000000000002
0.02222222222222222 0.06666666666666667
0.22868686868686866 0.24072434311135046
0.4575396825396826 0.2458415163197308
0.4459256965944272 0.2554365900699229
0.30943407727463457 0.2372942321318204
0.29615295780930456 0.22114436772973947
0.38788101790423773 0.20001855476194005
0.42365079365079367 0.22198224003374822
0.6431746031746032 0.27194770739161517
0.7718253968253969 0.07693194926254207
0.6158241174030648 0.18513878846391893
0.7644505494505494 0.10930572484175308
0.7600333000333 0.14388568673966634
0.7023015873015873 0.29599673183285646
0.7335209235209236 0.1818100939587785
0.04 0.12
0.0 0.0
0.022222222222222223 0.06666666666666668
0.019999999999999997 0.05999999999999999
0.0 0.0
0.02857142857142857 0.0857142857142857
0.014285714285714287 0.04285714285714286
0.05 0.10000000000000002
0.24000000000000005 0.20912516188477495
0.29912698412698413 0.2989867936827214
0.26999999999999996 0.18284784202536636
0.22634920634920636 0.18919170072196892
0.4435714285714286 0.2097402831946162
0.7555555555555555 0.3281686051543004
0.4473809523809524 0.2671348992957841
0.7396031746031746 0.35737777987868863
0.7273809523809524 0.3165167027650384
0.2682967032967033 0.2681327744985582
0.25690476190476186 0.23774843790841432
0.719047619047619 0.29755449035286113
0.7285714285714285 0.3695004901822161
0.12380952380952381 0.19886298112210574
0.06666666666666668 0.13333333333333333
0.06666666666666668 0.13333333333333336
0.7154761904761904 0.32193302566818616
0.7535714285714286 0.3251569479748611
0.2393650793650794 0.26805082944384423
0.2912210012210012 0.21429173363283213
0.29714285714285715 0.24220167796543413
0.2968825618825619 0.19679175014027303
0.3043623043623043 0.24216402630535905
0.3376456876456876 0.17253988085887187
0.32760905760905756 0.18336942797194059
0.3551448551448551 0.12412582387430464
0.3446553446553446 0.15136828573827127
0.3098271173271173 0.20541191780910809
0.29396853146853147 0.18618518195790973
0.3343256743256743 0.20467497847691138
0.24358974358974353 0.21416397092678663
0.6168831168831169 0.25944382434915686
0.6840836940836941 0.29579147336590406
0.32208791208791204 0.12397089966314458
0.31527805527805525 0.16294466997616952
0.7380952380952381 0.38288201767095603
0.10833333333333335 0.17500000000000002
0.07357142857142858 0.11401977988086819
0.075 0.16007810593582122
0.08571428571428572 0.13093073414159542
0.09047619047619049 0.18862192686036533
0.03333333333333334 0.10000000000000003
0.08333333333333334 0.17078251276599327
0.07857142857142857 0.16428571428571428
0.02857142857142857 0.0857142857142857
0.05357142857142857 0.10744006397493802
0.04444444444444444 0.13333333333333333
0.11904761904761907 0.1943067215533635
0.075 0.16007810593582122
0.073015873015873 0.15028317941009048
0.07857142857142858 0.16428571428571428
0.05714285714285714 0.11428571428571428
0.07857142857142857 0.12037356818823368
0.07222222222222222 0.11055415967851333
0.0869047619047619 0.13405945985088188
0.07333333333333333 0.14742229591663988
0.0 0.0
0.5605411255411256 0.27862697438464945
0.3991269841269841 0.09919330072917729
0.383968253968254 0.21733683204618126
0.0 0.0
0.28928571428571426 0.2776669279955651
0.27294372294372293 0.21575744112758374
0.21509525562157142 0.19131906684377556
0.22757481648786 0.17975470596908213
0.23264652014652012 0.24709875563458517
0.38755411255411254 0.24374372763218075
0.7190476190476189 0.316908250132854
0.7607142857142857 0.32578398377089174
0.726984126984127 0.3766824189510145
0.03333333333333333 0.09999999999999999
0.7714285714285715 0.32701494692170274
0.09523809523809526 0.14599723539767517
0.09047619047619049 0.18862192686036533
0.6646031746031745 0.3732081908821088
0.1 0.21343747458109497
0.06666666666666668 0.13333333333333336
0.1 0.21343747458109497
0.06666666666666667 0.13333333333333333
0.09047619047619049 0.18862192686036533
0.13333333333333333 0.22110831935702666
0.10666666666666669 0.1638427430325934
0.2633333333333333 0.23307128141884453
0.30380952380952386 0.26898482200139134
0.08214285714285714 0.12581367824148953
0.18761904761904766 0.23919934475372678
0.5769569319569319 0.20181055870260747
0.5298526473526474 0.23142704518548862
0.09047619047619049 0.18862192686036533
0.04444444444444444 0.13333333333333333
0.5572582972582972 0.21245582074346375
0.5418226381461676 0.3091224122658764
0.58298139768728 0.19326732148059636
0.5058522196757491 0.3088642744305572
0.5328015775074598 0.2179826815185176
0.09 0.18138357147217055
0.09714285714285716 0.19803112515615381
0.08333333333333333 0.1707825127659933
0.29047619047619044 0.2587340539194568
0.03333333333333334 0.10000000000000003
0.08 0.16
0.08571428571428572 0.13093073414159542
0.03333333333333334 0.10000000000000003
0.08888888888888889 0.13877773329774218
0.06666666666666667 0.19999999999999998
0.06666666666666667 0.19999999999999998
0.04 0.12
0.0 0.0
0.04 0.12
0.06666666666666667 0.19999999999999998
0.7141774891774891 0.11781945183393615
0.6962160062160062 0.1364785090506089
0.6575036075036075 0.17007443282977303
0.7327761127761127 0.13862190658284984
0.7098412698412698 0.22614903546861798
0.2565151515151515 0.16458765294048983
0.0 0.0
0.06666666666666667 0.19999999999999998
0.04 0.12
0.03333333333333334 0.10000000000000003
0.08 0.16
0.06666666666666668 0.13333333333333336
0.10857142857142858 0.168450319691242
0.1115501599849426 0.09692429419403657
0.07126984126984127 0.07757488924692685
0.18178900762020964 0.16809914346346574
0.11693939393939394 0.11083856426273164
0.0 0.0
0.0 0.0