0.0 0.0
0.22023809523809526 0.2148379861483184
0.21468253968253967 0.21218436164282875
0.5150793650793652 0.23682757775922464
0.09 0.18138357147217055
0.46771284271284264 0.2544509777822165
0.02967032967032967 0.05939151260163366
0.045 0.09069178573608527
0.03888888888888889 0.0787635937708768
0.038181818181818185 0.07647178489022942
0.4654901960784314 0.15250828223603788
0.4197924297924298 0.16648660443156407
0.4038011988011988 0.2506034661141898
0.4606349206349207 0.17123821000402245
0.068003663003663 0.06845407093605223
0.5085510567863508 0.231865751257173
0.3842048302574619 0.22861272190307438
0.34595238095238096 0.22689987613898582
0.40504329004329004 0.17830001806287377
0.42055500055500056 0.1823295328619282
0.4508058608058608 0.17799951998109273
0.45094461094461097 0.2091104921449424
0.4147186147186147 0.2823151634955407
0.013333333333333332 0.039999999999999994
0.01666666666666667 0.05000000000000001
0.35757575757575755 0.332174293479872
0.4386790986790986 0.22385912573412464
0.371990231990232 0.31533803710643005
0.6008225108225108 0.2744239431797429
0.3891774891774892 0.3502600586080786
0.12214285714285715 0.19996045527421016
0.39262515262515263 0.16885057377563872
0.2883516483516484 0.2127327213273562
0.3458508158508159 0.2124964922171878
0.18707070707070705 0.19478184029745246
0.4642712842712843 0.17449963180325667
0.4334920634920635 0.15307456228105273
0.4605555555555556 0.24638685330488208
0.04 0.12
0.4523809523809524 0.32272929060024574
0.36066544566544567 0.3228821871988673
0.42601398601398605 0.17444323996791591
0.46467948717948715 0.18622449003128788
0.07333333333333333 0.14742229591663988
0.5038095238095238 0.33290993518264167
0.5254978354978356 0.24476562963735715
0.03333333333333334 0.10000000000000003
0.05714285714285714 0.11428571428571431
0.06666666666666668 0.13333333333333336
0.03333333333333334 0.10000000000000003
0.32611111111111113 0.2900196885611155
0.14 0.1724335620850342
0.02857142857142857 0.0857142857142857
0.11904761904761907 0.1943067215533635
0.18571428571428575 0.19914784444120465
0.09047619047619049 0.138750497946033
0.06944444444444445 0.14553540997144152
0.03333333333333334 0.10000000000000003
0.09166666666666667 0.1416666666666667
0.14 0.1724335620850342
0.1857936507936508 0.2140846940718268
0.2465873015873016 0.22726147169728225
0.4592535242535242 0.16287195220875852
0.019999999999999997 0.05999999999999999
0.02222222222222222 0.06666666666666667
0.046899766899766895 0.07246267088520607
0.032467532467532464 0.06551687405521786
0.17083333333333334 0.21445182054096282
0.20874458874458873 0.20635667551240516
0.49404761904761896 0.22232346049941595
0.2126984126984127 0.23121814197012072
0.16051587301587303 0.20301109879961654
0.1 0.1527525231651947
0.0869047619047619 0.13405945985088186
0.028571428571428574 0.08571428571428572
0.05714285714285714 0.11428571428571431
0.09523809523809525 0.14599723539767517
0.05714285714285715 0.11428571428571431
0.09 0.18138357147217055
0.47836940836940833 0.31856388404935443
0.09714285714285716 0.1512937405128426
0.019999999999999997 0.05999999999999999
0.08 0.16
0.04722222222222222 0.09464847243000456
0.0 0.0
0.058333333333333334 0.11814539065631521
0.04 0.12
0.12000000000000002 0.18330302779823363
0.04 0.12
0.09166666666666667 0.1416666666666667
0.08222222222222222 0.18487232831816064
0.03484848484848485 0.069779266301027
0.07305555555555557 0.12426357143260121
0.14430014430014432 0.1953335787476793
0.18565878565878563 0.15976895128231286
0.14303030303030304 0.17603322167463076
0.21489621489621488 0.22360617269376404
0.14166666666666666 0.1626601774661928
0.1433882783882784 0.1369438904231712
0.16062271062271063 0.18553121588657853
0.15666666666666665 0.2467792535850613
0.07333333333333333 0.14742229591663988
0.03333333333333333 0.09999999999999999
0.12380952380952381 0.1523809523809524
0.09166666666666667 0.14166666666666666
0.04 0.12
0.06666666666666668 0.13333333333333336
0.09047619047619049 0.13875049794603303
0.1285714285714286 0.1580062859336863
0.05714285714285715 0.11428571428571431
0.4690659340659341 0.25155681922736534
0.5384126984126983 0.28034532209771407
0.0 0.0
0.08571428571428572 0.13093073414159545
0.07357142857142858 0.11401977988086819
0.41153568653568656 0.19580224488021705
0.10666666666666669 0.16384274303259344
0.11333333333333333 0.17397317800933185
0.06190476190476191 0.12426655572095134
0.10666666666666669 0.1638427430325934
0.13166666666666668 0.16473041950748232
0.03333333333333334 0.10000000000000003
0.09523809523809525 0.14599723539767517
0.44666666666666666 0.28467907698098976
0.4904761904761905 0.3695004901822161
0.3028205128205128 0.14245304555446325
0.2033333333333333 0.1855123036750253
0.2088888888888889 0.15770733951935023
0.2395881895881896 0.1891585850632078
0.2088888888888889 0.24974307785856964
0.17888888888888888 0.16164280083482963
0.23500000000000001 0.21869492251948253
0.2733333333333333 0.18109406872781633
0.138015873015873 0.14574439032657624
0.06444444444444444 0.09860758992148352
0.24033910533910535 0.19960139646696268
0.0869047619047619 0.13405945985088186
0.5438095238095239 0.2285992046615256
0.10222222222222221 0.16275407487644938
0.4907936507936507 0.31684766279872234
0.06999999999999999 0.10770329614269007
0.058333333333333334 0.11814539065631521
0.025 0.07500000000000001
0.04722222222222222 0.09464847243000456
0.05714285714285714 0.11428571428571431
0.025 0.07500000000000001
0.02857142857142857 0.0857142857142857
0.0 0.0
0.025 0.07500000000000001
0.05714285714285714 0.11428571428571428
0.07857142857142857 0.12037356818823368
0.03333333333333334 0.10000000000000002
0.10714285714285714 0.17276266603496893
0.09357142857142857 0.14716539355848743
0.05357142857142857 0.10744006397493802
0.025 0.07500000000000001
0.1554978354978355 0.16398500960605808
0.11388888888888889 0.18106764986369184
0.07857142857142857 0.16428571428571428
0.0 0.0
0.0 0.0
0.06944444444444445 0.10632032893891465
0.05 0.15000000000000002
0.0 0.0
0.04444444444444444 0.0888888888888889
0.07222222222222222 0.11055415967851333
0.025 0.07500000000000001
0.22523809523809524 0.24264276252153416
0.0507936507936508 0.10257456775494293
0.09714285714285716 0.19803112515615381
0.1304761904761905 0.2067368763777323
0.11190476190476191 0.17819006897207296
0.09714285714285716 0.19803112515615381
0.14 0.1724335620850342
0.1019047619047619 0.15776500219746886
0.1 0.1527525231651947
0.1 0.1527525231651947
0.058333333333333334 0.11814539065631521
0.13523809523809524 0.1676190476190476
0.09523809523809525 0.14599723539767517
0.06666666666666668 0.13333333333333336
0.19906204906204902 0.17599248406503165
0.14754689754689754 0.16673482049480676
0.20303030303030303 0.23226338710984032
0.18373737373737375 0.21586047654007662
0.14747474747474748 0.17998231386090194
0.19917154740684154 0.20668525192419313
0.5166666666666667 0.28244960219086485
0.5568253968253969 0.21321194817610276
0.10762626262626263 0.14739558723660207
0.05174825174825175 0.07937602027223895
0.06895104895104895 0.10963117072173757
0.044848484848484846 0.0696416117441126
0.427012987012987 0.3018072535543304
0.1417929292929293 0.18686190439506822
0.14500000000000002 0.18227726133558186
0.0 0.0
0.028571428571428574 0.08571428571428572
0.028571428571428574 0.08571428571428572
0.04 0.12
0.0 0.0
0.0 0.0
0.0 0.0
0.0 0.0
0.028571428571428574 0.08571428571428572
0.025 0.07500000000000001
0.5024891774891775 0.25019905963472744
0.028571428571428574 0.08571428571428572
0.05714285714285715 0.17142857142857143
0.0 0.0
0.04 0.12
0.04 0.12
0.0 0.0
0.08190476190476191 0.1287089211925802
0.07333333333333333 0.14742229591663988
0.06666666666666667 0.19999999999999998
0.0507936507936508 0.10257456775494293
0.06190476190476191 0.12426655572095134
0.05357142857142858 0.10744006397493804
0.0507936507936508 0.10257456775494293
0.26746031746031745 0.23888598848632145
0.08214285714285716 0.17931986015190277
0.12357142857142858 0.2305284523587897
0.21738095238095237 0.19502325577936747
0.0 0.0
0.0 0.0
0.19904761904761906 0.21049342743467617
0.04 0.12000000000000001
0.0 0.0
0.0 0.0
0.0 0.0
0.013333333333333332 0.039999999999999994
0.0 0.0
0.0 0.0
0.36571428571428577 0.21124616756442613
0.24 0.27650597743187316
0.02857142857142857 0.08571428571428572
0.03333333333333334 0.10000000000000003
0.040769230769230766 0.09383669561417313
0.03333333333333333 0.09999999999999999
0.0 0.0
0.028571428571428574 0.08571428571428572
0.0 0.0
0.45422799422799426 0.12387633793905618
0.6351226551226552 0.19470798921576848
0.33859307359307356 0.2589633411315182
0.4963492063492064 0.24627028886495136
0.44896825396825396 0.12387261823339724
0.07833333333333334 0.12338962679253067
0.04318181818181818 0.08769900627988518
0.065 0.13425721582097555
0.028571428571428574 0.08571428571428572
0.3514285714285714 0.21938690080517106
0.23964271023094552 0.2190505816666171
0.09047619047619047 0.138750497946033
0.11190476190476191 0.17819006897207293
0.11047619047619048 0.1386818411372754
0.02857142857142857 0.0857142857142857
0.4684920634920635 0.21898838916266192
0.3473809523809524 0.26215669700934224
0.044444444444444446 0.0888888888888889
0.05714285714285714 0.11428571428571428
0.23136363636363635 0.23265356591690267
0.34108780108780107 0.2839864301336259
0.3644534412955466 0.28449037515880854
0.10912698412698414 0.13621288249472144
0.2041269841269841 0.19116700126693886
0.14801587301587302 0.19302241595530942
0.12023809523809526 0.14892376567176718
0.37642857142857145 0.2472397507098439
0.3162393162393162 0.2693325001126278
0.15064935064935064 0.13254708586508937
0.5711904761904762 0.17607605679869642
0.4523809523809524 0.2921885515550942
0.5047619047619047 0.28993704844930057
0.5369047619047619 0.3033472561654864
0.0 0.0
0.04857142857142858 0.09901556257807691
0.053566433566433556 0.08248203576697924
0.043815987933634996 0.06788876143726201
0.0582516339869281 0.09297231266738516
0.09267399267399268 0.10648005755390995
0.09866946778711486 0.13104501359770912
0.026666666666666672 0.053333333333333344
0.028571428571428574 0.08571428571428572
0.5545014050277209 0.19716180800100208
0.47924369747899165 0.23454524184161393
0.5149650349650349 0.1708916869859144
0.43774059274059274 0.1170059332872884
0.44028749028749037 0.22602030079336713
0.35 0.24022880040330277
0.45777777777777773 0.2798169595721416
0.06666666666666668 0.13333333333333336
0.06944444444444445 0.14553540997144152
0.08222222222222222 0.18487232831816064
0.0 0.0
0.04615384615384615 0.13846153846153844
0.05 0.10000000000000002
0.04575163398692811 0.07492146342957962
0.044444444444444446 0.0888888888888889
0.06857142857142857 0.13950349275124233
0.06857142857142857 0.13950349275124233
0.10190476190476191 0.15776500219746883
0.10190476190476191 0.15776500219746883
0.02857142857142857 0.0857142857142857
0.4730952380952381 0.3396611122896085
0.03333333333333333 0.09999999999999999
0.5072510822510823 0.2880301208522621
0.44904761904761903 0.27068444363725613
0.21064213564213566 0.15971673346700405
0.2020923520923521 0.19616659930434993
0.4776984126984127 0.1676007272636055
0.458968253968254 0.2006615570273287
0.06190476190476191 0.12426655572095134
0.06666666666666668 0.13333333333333336
0.1 0.1527525231651947
0.49190476190476184 0.22551578573242376
0.5191697191697192 0.24944059836105667
0.1311976911976912 0.11014880600515467
0.05356643356643357 0.08248203576697925
0.05934065934065934 0.11878302520326733
0.09357142857142857 0.14716539355848743
0.10666666666666666 0.13941677458984997
0.09803030303030302 0.12899991457916749
0.09621212121212122 0.12767118362996632
0.14575424575424573 0.1676146549684932
0.14081878905408315 0.12388559703142019
0.09818181818181819 0.10165029448627293
0.15382245205774617 0.14313478179928257
0.09053030303030303 0.12351563568614772
0.10826839826839826 0.13983293112594972
0.13333333333333336 0.22110831935702666
0.15904761904761905 0.2743799441313024
0.13166666666666665 0.11653564070942227
0.1543997668997669 0.11740847456414259
0.49976190476190474 0.29943720831479176
0.08690476190476192 0.13405945985088186
0.022222222222222223 0.06666666666666668
0.02857142857142857 0.0857142857142857
0.08214285714285714 0.12581367824148953
0.058333333333333334 0.11814539065631521
0.0869047619047619 0.13405945985088188
0.058333333333333334 0.11814539065631521
0.02857142857142857 0.0857142857142857
0.05357142857142857 0.10744006397493802
0.09079365079365079 0.14442316256965612
0.0869047619047619 0.13405945985088188
0.08888888888888889 0.13877773329774218
0.0 0.0
0.02857142857142857 0.0857142857142857
0.13523809523809524 0.1676190476190476
0.025 0.07500000000000001
0.0 0.0
0.025 0.07500000000000001
0.06190476190476191 0.12426655572095134
0.08571428571428572 0.13093073414159545
0.0 0.0
0.45201298701298703 0.22441472533539
0.1 0.21343747458109497
0.06666666666666667 0.13333333333333333
0.019999999999999997 0.05999999999999999
0.1488095238095238 0.19743608857120015
0.11801587301587302 0.15568752500498192
0.07820512820512819 0.18582668857137916
0.07781512605042017 0.13237052037451025
0.09705882352941178 0.14511459894904793
0.12380952380952381 0.2485331114419026
0.509047619047619 0.2954392555864853
0.45666666666666667 0.2343171678460464
0.43880952380952376 0.30987534982038156
0.06190476190476191 0.12426655572095134
0.4666666666666667 0.32282764298434846
0.025 0.07500000000000001
0.06190476190476191 0.12426655572095131
0.506904761904762 0.1899261403164667
0.10666666666666669 0.16384274303259344
0.125 0.1547847968417226
0.17523809523809525 0.1779806099148695
0.07333333333333333 0.14742229591663988
0.08214285714285716 0.12581367824148956
0.13833333333333334 0.17385338650713714
0.04 0.12
0.04 0.12
0.04 0.12000000000000001
0.042222222222222223 0.08459051693633014
0.028571428571428574 0.08571428571428572
0.32081529581529583 0.21943279669641913
0.34462454212454213 0.231220683369251
0.03333333333333333 0.09999999999999999
0.05357142857142857 0.10744006397493802
0.4443933843933844 0.2141716619634402
0.3416475191475191 0.23001592251584427
0.33759906759906755 0.1298172031551432
0.3863369963369963 0.14872679469893013
0.41264069264069264 0.15779488593265228
0.07333333333333333 0.14742229591663988
0.08 0.16
0.05 0.15000000000000002
0.11333333333333333 0.17397317800933185
0.03333333333333334 0.10000000000000002
0.14190476190476192 0.1764579694034429
0.028571428571428574 0.08571428571428572
0.04 0.12
0.09047619047619049 0.18862192686036533
0.03333333333333333 0.09999999999999999
0.06222222222222222 0.13063945294843618
0.08 0.16
0.08 0.16
0.09714285714285716 0.1512937405128426
0.0 0.0
0.45456654456654455 0.16957130662424053
0.3808080808080808 0.14668670035978928
0.4883075258075259 0.12401271495357327
0.36614718614718617 0.16894652267215832
0.18793650793650796 0.20599627938431658
0.0691025641025641 0.11278328348443563
0.08222222222222222 0.18487232831816064
0.04 0.12
0.06666666666666667 0.19999999999999998
0.03333333333333334 0.10000000000000003
0.020000000000000004 0.06000000000000001
0.08571428571428572 0.1829464067837957
0.04 0.12
0.07118388857519292 0.08557244721646251
0.02957393483709273 0.062141238586632806
0.05418784114436288 0.07160665768430452
0.053430265386787135 0.07125335400354205
0.0 0.0
0.025 0.07500000000000001