0.1488095238095238 0.21184121572600573
0.48883116883116884 0.23271835445316932
0.5659812409812409 0.2630341908447028
0.743095238095238 0.33082123129392693
0.09714285714285716 0.19803112515615381
0.6742424242424242 0.38962445194011863
0.4534304584304585 0.1700624194379355
0.40161616161616165 0.2188422710492655
0.429592352092352 0.1994975563069939
0.4266378066378066 0.13330364542707598
0.7272494172494173 0.13267062923772927
0.7027039627039626 0.2501160113568104
0.6928310578310578 0.1907444170301267
0.6479365079365079 0.37087586064079026
0.4566330713826339 0.1907005682155941
0.6685472739820566 0.22522083836493362
0.6144805194805194 0.20348978480689114
0.47597069597069597 0.26276337651582765
0.7498809523809522 0.17204456951681665
0.7189185977421271 0.1376908633707607
0.7417016317016317 0.14937096585232842
0.7237029637029637 0.15494876191795798
0.7129120879120879 0.27273820966978257
0.3728773419562893 0.2718791767814947
0.43270313278053213 0.245260480823549
0.6883694083694084 0.24873055637774097
0.7341991341991343 0.33489508766050197
0.7427533251062662 0.22445871190400163
0.6512193362193364 0.36407419193159646
0.6559335109335109 0.22806793145554885
0.08 0.16
0.6237770562770563 0.264284757231888
0.6123293373293374 0.25280839358025936
0.6452281052281051 0.2971756234318394
0.7077290356702121 0.17151250919516506
0.6799456099456098 0.18090562686009254
0.7107142857142857 0.31706547866751533
0.6942857142857143 0.34518915909332315
0.14666666666666667 0.23437861108329264
0.7680375180375181 0.28959370869478224
0.7094133644133643 0.26572430996972113
0.7154334554334554 0.1502249043926793
0.6883333333333334 0.19120167724342907
0.0 0.0
0.6717460317460318 0.3352492557666064
0.7345238095238095 0.3241091925686203
0.13571428571428573 0.21771072363040245
0.06190476190476191 0.12426655572095131
0.05357142857142857 0.10744006397493802
0.12023809523809526 0.14892376567176718
0.6136219336219335 0.3866831362204302
0.13999999999999999 0.17243356208503416
0.1662121212121212 0.23836954780825934
0.12857142857142856 0.1580062859336863
0.1285714285714286 0.1580062859336863
0.11666666666666667 0.18333333333333335
0.11666666666666667 0.18333333333333335
0.11904761904761907 0.1943067215533635
0.1523809523809524 0.1995459699024473
0.16380952380952385 0.2098612002157833
0.20357142857142857 0.1716739315548817
0.30476911976911975 0.16202217684971662
0.7347360972360973 0.14692943731224412
0.352079032079032 0.23906584759965907
0.37481601731601727 0.21209316036134657
0.35330253080253077 0.25871489262285996
0.3650818789054083 0.2806318152795487
0.34783549783549783 0.3083121168354079
0.33106060606060606 0.3198737483383609
0.7345238095238095 0.3241091925686203
0.3311965811965812 0.3396037985803857
0.25362745098039213 0.2815470696045724
0.07333333333333333 0.14742229591663988
0.18015873015873013 0.1917960226013936
0.2346320346320346 0.25906513992649866
0.19106060606060607 0.2641013402206359
0.12380952380952381 0.19886298112210574
0.13523809523809524 0.1676190476190476
0.04 0.12
0.6696031746031746 0.3746509335307532
0.14000000000000004 0.1724335620850342
0.41248863365736427 0.20341348725413272
0.12000000000000002 0.18330302779823363
0.148015873015873 0.15734564837079065
0.1 0.1527525231651947
0.10666666666666669 0.16384274303259344
0.06666666666666668 0.13333333333333336
0.15666666666666668 0.24677925358506134
0.07333333333333333 0.14742229591663988
0.14833333333333334 0.24770614310778272
0.12121212121212119 0.24393468845452246
0.10303030303030303 0.21691551718997915
0.21048847609219123 0.25501117830819
0.26857142857142857 0.2612563401784667
0.3927777777777778 0.24676987330379366
0.3138095238095238 0.23085614096906593
0.3059523809523809 0.24823926447341854
0.3188888888888889 0.26718246601080137
0.38285159285159287 0.22867540254278343
0.29948051948051946 0.30112267834311274
0.37519607843137254 0.23486673467691904
0.39904761904761904 0.2536587399673112
0.07333333333333333 0.14742229591663988
0.2265873015873016 0.21169398291786218
0.1304761904761905 0.2067368763777323
0.07777777777777779 0.15752718754175363
0.06666666666666668 0.13333333333333336
0.1 0.1527525231651947
0.09714285714285716 0.19803112515615381
0.10714285714285716 0.17276266603496893
0.7884920634920636 0.34062346502135527
0.7272222222222222 0.3306041047447446
0.0 0.0
0.10714285714285714 0.17276266603496893
0.19222222222222224 0.14828650946356817
0.7141344766344766 0.18180780728634754
0.07333333333333333 0.14742229591663988
0.05714285714285715 0.17142857142857143
0.14523809523809522 0.23772590402010643
0.1304761904761905 0.2067368763777323
0.14 0.1724335620850342
0.09714285714285716 0.19803112515615381
0.10190476190476191 0.15776500219746883
0.7079365079365079 0.3204629823453341
0.7492063492063492 0.37901624394888767
0.7901587301587302 0.13698593523810587
0.7646561771561772 0.11327643449704597
0.8174392274392274 0.1073370320877296
0.6902830502830503 0.20684688141151245
0.7781302031302031 0.10162628675419375
0.6704739704739705 0.21607325406263855
0.7353302253302252 0.17170395182335657
0.7373959373959373 0.15074114068203234
0.7434998334998333 0.12319380785857831
0.7525441225441225 0.1337199268918134
0.7706127206127207 0.08654377072073709
0.13571428571428573 0.17627089541790095
0.7041269841269842 0.3403310824091991
0.7028571428571428 0.37431842823228156
0.7678571428571429 0.33244993485286395
0.1557936507936508 0.18729622335606957
0.12857142857142856 0.17068290207640746
0.13968253968253969 0.1523809523809524
0.16453102453102453 0.17903327451765808
0.15690476190476188 0.17293140868229676
0.13722222222222222 0.1826426383223078
0.10857142857142858 0.19072364878032724
0.10833333333333335 0.14826673494536133
0.14023809523809522 0.15309441523061754
0.14214285714285713 0.19588756666902113
0.11944444444444444 0.11983141450068328
0.14444444444444443 0.2111111111111111
0.07222222222222222 0.15723301886761007
0.09801587301587303 0.15671388056841612
0.10357142857142856 0.12722509378969196
0.09444444444444444 0.1527525231651947
0.28909090909090907 0.2813851348650967
0.1185858585858586 0.20024686325698285
0.12023809523809523 0.15699498012461593
0.1181818181818182 0.16382564809945546
0.12944444444444442 0.2127139445880834
0.1754040404040404 0.12738712391306659
0.10793650793650793 0.13333333333333333
0.15158730158730158 0.16000283444201374
0.13569815805109925 0.1492876888269371
0.07857142857142857 0.12037356818823368
0.1488095238095238 0.15850430360251744
0.48809523809523814 0.36468232378182464
0.4854761904761905 0.300174646820987
0.5054761904761904 0.37186794830296505
0.4257142857142856 0.37625798068241806
0.46579365079365076 0.32965897195874244
0.4692857142857143 0.3479685946420206
0.06190476190476191 0.12426655572095133
0.06666666666666668 0.13333333333333336
0.08571428571428572 0.18294640678379567
0.1 0.1527525231651947
0.10190476190476191 0.15776500219746883
0.09523809523809526 0.14599723539767517
0.1 0.1527525231651947
0.06666666666666668 0.13333333333333336
0.3359920634920635 0.23897522895252146
0.30473856209150324 0.2848357995084975
0.3051644262170578 0.2551872250010941
0.29063025210084037 0.2776556330954725
0.3403921568627451 0.26930544340265095
0.3672649572649572 0.22608794124697504
0.6812698412698414 0.3174863481391351
0.713095238095238 0.3419154561266893
0.25166460989990397 0.2545904123830861
0.4273015873015873 0.20935785876329344
0.43703629703629704 0.19956271395339187
0.4515018315018315 0.19151015349842088
0.6323232323232324 0.4199688552787485
0.16636363636363635 0.2383770115440886
0.09 0.18138357147217055
0.06222222222222222 0.13063945294843618
0.2088888888888889 0.23183646854657733
0.18666666666666668 0.1880898130622118
0.14666666666666667 0.1808621328833405
0.17523809523809525 0.1779806099148695
0.19714285714285715 0.2213973352264012
0.08412698412698413 0.13090186615885196
0.09357142857142858 0.14716539355848743
0.1096969696969697 0.16822849475127866
0.03636363636363636 0.10909090909090906
0.7638888888888888 0.32755406678389243
0.19714285714285712 0.25562337658672063
0.08333333333333333 0.1707825127659933
0.10722222222222222 0.1889223826513594
0.09 0.18138357147217055
0.19238095238095237 0.31129311164968654
0.23055555555555554 0.22258650697295143
0.203015873015873 0.27513797816637103
0.3759157509157509 0.2697166288335085
0.44904761904761903 0.26937232828775404
0.3720634920634921 0.21282535894230065
0.3228860028860029 0.2553558381438273
0.35190476190476194 0.19605462240402902
0.24256132756132756 0.181271287625472
0.37156385281385285 0.2790337475979987
0.20500000000000007 0.24810951882854745
0.31547619047619047 0.28952077457682485
0.5268253968253969 0.3493711371650512
0.12000000000000002 0.18330302779823363
0.14404761904761904 0.26472775130863246
0.5208730158730159 0.16727253821478383
0.0 0.0
0.02857142857142857 0.0857142857142857
0.0 0.0
0.03333333333333334 0.10000000000000003
0.07777777777777778 0.12222222222222222
0.0 0.0
0.0 0.0
0.8048629148629148 0.19078489348816685
0.7840476190476189 0.17993778844297983
0.025 0.07500000000000001
0.056666666666666664 0.12476644848141935
0.01818181818181818 0.05454545454545454
0.0 0.0
0.0 0.0
0.025 0.07500000000000001
0.0 0.0
0.7678571428571428 0.07972636023930108
0.753174603174603 0.10312575156051293
0.7696825396825397 0.10292815498901739
0.7837301587301587 0.10023671278062371
0.7563492063492063 0.1833247438378131
0.21357142857142858 0.2340950879537664
0.2694871794871795 0.3054612138288688
0.374920634920635 0.3488091536195374
0.35428571428571426 0.271741256819049
0.7080808080808081 0.24305734859201505
0.5303401110114665 0.2127562611466788
0.1015873015873016 0.16049809091764491
0.14246031746031745 0.1458726056612019
0.15992063492063494 0.16693147896574242
0.11000000000000001 0.18138357147217055
0.7301875901875902 0.18243668763035195
0.6449533799533799 0.2887679804320169
0.1322222222222222 0.1896195020443719
0.13999999999999999 0.2835489375751565
0.6357109557109557 0.33810363669685006
0.44944178628389153 0.2949934672679899
0.5251914098972923 0.3185562374117893
0.3484848484848485 0.2543068466395072
0.3786147186147186 0.2243117760160973
0.3541269841269841 0.27211664387912643
0.38733044733044736 0.2430364769623309
0.6162004662004661 0.3377895241873461
0.4680680868838764 0.3393211045328519
0.3437590187590187 0.2134723273771665
0.774920634920635 0.30648142553429053
0.7380952380952381 0.38288201767095603
0.7345238095238095 0.3241091925686203
0.7888888888888889 0.33431827273272574
0.16857142857142857 0.2265005393615339
0.05333333333333333 0.11075498483890765
0.23698179271708683 0.2507629482296675
0.40739620544574107 0.21752575733516655
0.398965787108202 0.1984867352612024
0.3906925168652857 0.20239068055004883
0.4477002521042769 0.18215600537078352
0.4062243827131198 0.16124731997054648
0.5320923520923521 0.25460672933112066
0.7537301587301587 0.16972034339155498
0.7109290382819795 0.20355291761583916
0.7144388944388944 0.17300759703934082
0.723976023976024 0.13772795305567107
0.6920496894409938 0.19644880814040963
0.7413780663780664 0.1729065941792023
0.6787301587301589 0.24185309617826967
0.10190476190476191 0.15776500219746883
0.138989898989899 0.21491151787243334
0.11111111111111112 0.22771001702132443
0.0625 0.1875
0.12833333333333333 0.23428970670233606
0.18204678362573098 0.19153703780826523
0.23319548872180454 0.26926531722957675
0.34751082251082244 0.23018575035792066
0.1911904761904762 0.1789172841226446
0.1957886557886558 0.26884516528794405
0.2988095238095238 0.23933782896124484
0.2907936507936508 0.2920296736804357
0.4805194805194805 0.28538923600427296
0.7662698412698413 0.3405975752098818
0.5015873015873016 0.264502747055297
0.744047619047619 0.3391185887467098
0.7101587301587301 0.3218898903925239
0.3226750700280112 0.21100186480236177
0.23820346320346322 0.23417795332759964
0.6812698412698412 0.3336129212946107
0.7535714285714286 0.3251569479748611
0.10666666666666669 0.16384274303259344
0.09714285714285716 0.19803112515615381
0.11666666666666667 0.18333333333333335
0.7285714285714285 0.3695004901822161
0.7864285714285715 0.3173623757647091
0.27254689754689754 0.299502990443891
0.2365384615384615 0.19772532620822952
0.1683760683760684 0.2188368030087371
0.24022533022533024 0.20712858787157754
0.18636363636363637 0.2020521439394381
0.22482517482517483 0.1754119523424723
0.19963286713286715 0.14379545583374867
0.3154504319210202 0.18173354636261002
0.20599988247047069 0.19563815771403106
0.2386213786213786 0.15197993781779323
0.3043627682946568 0.22317652085347753
0.22352980352980353 0.14069256439810585
0.21395104895104894 0.14190517357342353
0.2273809523809524 0.25997394340042146
0.3007936507936508 0.30872301783066514
0.24510822510822505 0.17525291674568655
0.20179852826911646 0.13673234063867273
0.7238095238095238 0.37543625417956233
0.12380952380952381 0.1523809523809524
0.05 0.10000000000000002
0.08571428571428572 0.13093073414159542
0.11071428571428572 0.13594904507624486
0.06666666666666668 0.13333333333333336
0.09523809523809525 0.14599723539767517
0.12380952380952381 0.19886298112210574
0.11071428571428572 0.13594904507624486
0.08571428571428572 0.13093073414159542
0.07222222222222222 0.11055415967851333
0.11071428571428572 0.13594904507624486
0.0 0.0
0.07301587301587302 0.1502831794100905
0.058333333333333334 0.11814539065631521
0.06666666666666668 0.13333333333333336
0.14523809523809522 0.20979419782772082
0.10357142857142856 0.1693700814482768
0.075 0.11456439237389598
0.09523809523809525 0.14599723539767517
0.075 0.16007810593582122
0.0 0.0
0.7048989898989898 0.19524889998567932
0.4676984126984127 0.2715993266845114
0.43730158730158736 0.28297741194564235
0.0 0.0
0.19373015873015872 0.2766089809544715
0.19444444444444445 0.25
0.19442002442002443 0.23796426095954507
0.18168067226890758 0.21262342749598548
0.26832866479925305 0.2929600321345042
0.21155511155511153 0.29424984419493755
0.7793650793650794 0.32112566562281053
0.7003174603174603 0.33764859834407546
0.6888888888888889 0.3412395704551927
0.06666666666666668 0.13333333333333336
0.7630952380952382 0.339586332986209
0.11111111111111112 0.17213259316477408
0.08333333333333334 0.1707825127659933
0.6841269841269841 0.3674491753256059
0.1019047619047619 0.15776500219746886
0.12333333333333334 0.19209372712298547
0.11666666666666667 0.18333333333333335
0.1 0.1527525231651947
0.12190476190476192 0.20103135437582087
0.06190476190476191 0.12426655572095134
0.10666666666666669 0.16384274303259344
0.08333333333333333 0.1707825127659933
0.04 0.12000000000000001
0.1458080808080808 0.18429929594733951
0.1285714285714286 0.1580062859336863
0.6072152194211019 0.17468981509584408
0.5949761659049584 0.19527317417114348
0.125 0.21489661597046045
0.09333333333333334 0.19595917942265423
0.6644966144966145 0.2568001225708856
0.6312408283151317 0.2359470136078959
0.6376304397357029 0.15165669399889595
0.6397626882921001 0.1465516262571763
0.6559177913589679 0.26881113942048107
0.07333333333333333 0.14742229591663988
0.07333333333333333 0.14742229591663988
0.1 0.21343747458109497
0.2123809523809524 0.2759621387814211
0.09047619047619047 0.138750497946033
0.11333333333333333 0.17397317800933185
0.06 0.18
0.03333333333333334 0.10000000000000003
0.06190476190476191 0.12426655572095134
0.10666666666666666 0.2215099696778153
0.05714285714285715 0.17142857142857143
0.08 0.16
0.08 0.16
0.06666666666666667 0.19999999999999998
0.11333333333333333 0.17397317800933185
0.7113752913752914 0.16651496184679893
0.7185225885225884 0.20500662169477343
0.7092673992673991 0.12788255282908292
0.7310822510822511 0.14752720861305688
0.4173809523809524 0.34858647183255864
0.4076495726495727 0.227334216374685
0.17777777777777776 0.27755546659548436
0.09714285714285716 0.19803112515615381
0.07333333333333333 0.14742229591663988
0.1642857142857143 0.2516273564829791
0.07333333333333333 0.14742229591663988
0.07857142857142858 0.16428571428571428
0.09 0.18138357147217055
0.20637893708545882 0.1900661523320768
0.1633804309966229 0.16885042732076025
0.20195841621672822 0.18305604541430437
0.17898464012910015 0.15639996162591618
0.04 0.12
0.11666666666666665 0.23629078131263043