0.9832167832167832 0.03371180641452855
1.0 0.0
1.0 0.0
0.9666666666666666 0.1
0.42320346320346325 0.3118157026825654
1.0 0.0
1.0 0.0
0.9882352941176471 0.02352941176470589
1.0 0.0
0.9941176470588236 0.017647058823529415
0.9583682983682984 0.08210346137009326
0.9583682983682984 0.08210346137009326
0.9690476190476189 0.06213327786047568
0.9571428571428571 0.12857142857142856
0.961527950310559 0.05415020823851204
0.9797979797979798 0.04065578140908708
0.9464646464646463 0.10151892047880595
1.0 0.0
0.9807843137254902 0.029422220363768927
0.9756410256410257 0.052689032277011605
0.9923076923076923 0.023076923076923096
0.9755555555555556 0.03906310184721542
1.0 0.0
0.9947368421052631 0.01578947368421051
0.9947368421052631 0.01578947368421051
0.990909090909091 0.02727272727272728
1.0 0.0
0.9811965811965813 0.03837597319768144
0.9571428571428571 0.12857142857142856
1.0 0.0
0.729047619047619 0.2721581672983761
0.9888544891640867 0.022333979934206098
0.9947368421052631 0.015789473684210513
0.9545454545454545 0.13636363636363635
0.9333333333333333 0.17888543819998318
1.0 0.0
0.9666666666666666 0.1
1.0 0.0
0.7390476190476191 0.22742569991008454
0.990909090909091 0.02727272727272728
0.975 0.07500000000000004
0.9846153846153847 0.030769230769230792
0.9815686274509805 0.028227123000671542
0.9380952380952381 0.06287397562012177
1.0 0.0
0.9857142857142858 0.04285714285714287
0.6369047619047619 0.32979628495354674
0.6750360750360749 0.28670907212670194
0.5638888888888889 0.29935372775528896
0.36357142857142855 0.29136874969584453
0.9909090909090909 0.02727272727272728
0.8258297258297258 0.18795649660942262
0.9923076923076923 0.023076923076923096
0.7626984126984128 0.29713611612215235
0.8313852813852816 0.30584415584415586
0.47424242424242424 0.3324402636950281
0.8227272727272726 0.28905660173790265
0.5321789321789321 0.3351334659643009
0.39571428571428574 0.27275116366188346
0.8043650793650794 0.18535552445491382
0.9723076923076924 0.061845388437667015
0.9832167832167832 0.03371180641452855
0.9679487179487181 0.05416571839558364
0.9947368421052631 0.015789473684210513
1.0 0.0
1.0 0.0
0.9888888888888889 0.03333333333333331
0.9800000000000001 0.05999999999999999
0.990909090909091 0.02727272727272728
1.0 0.0
0.9800000000000001 0.05999999999999999
0.9800000000000001 0.05999999999999999
0.30614718614718617 0.31512539732887035
0.49733044733044734 0.3722798371269093
0.5514707514707514 0.32460269800284736
0.5530952380952381 0.33025114129481914
0.8533549783549784 0.15269120723711252
0.5266666666666666 0.2966743100750441
0.9777777777777779 0.044444444444444425
1.0 0.0
0.36936507936507934 0.3242279043173484
0.9941176470588236 0.017647058823529415
0.9323809523809524 0.11215877957937441
0.5782034632034632 0.29199479249868215
0.655 0.32846866923143014
0.580988455988456 0.35013275750354866
0.5151587301587301 0.37270781774726286
0.9777777777777779 0.044444444444444425
0.7495238095238095 0.2056233264514325
0.33571428571428574 0.24630834426286646
0.9933333333333334 0.019999999999999997
0.9782352941176471 0.03490471458622776
0.9309444491980642 0.0502426926351039
1.0 0.0
1.0 0.0
1.0 0.0
1.0 0.0
0.9923076923076923 0.023076923076923096
0.9941176470588236 0.017647058823529415
0.9800000000000001 0.05999999999999999
0.9842424242424244 0.031977953838237386
0.9746031746031747 0.051287283877471466
0.9432900432900432 0.10374176848592999
0.4441558441558442 0.3462713709959211
0.46619047619047616 0.36026225015797714
0.35987012987012984 0.2619058387870959
0.5447619047619048 0.23386673725361368
0.3633333333333334 0.3005365572142967
0.5126190476190475 0.28587108792524757
0.5325396825396825 0.284597685833102
1.0 0.0
0.9857142857142858 0.04285714285714287
1.0 0.0
0.6697979797979798 0.24591994556881247
0.8412121212121212 0.3103811454707392
0.9846153846153847 0.030769230769230795
0.3119047619047619 0.2335494625853866
0.4290476190476191 0.3322461863508311
0.4936796536796536 0.2742285656116264
0.3538095238095238 0.26588362925985126
0.5432828282828283 0.3301494754736017
0.7071428571428571 0.255259860479242
0.2927272727272727 0.3205602304414562
0.9666666666666666 0.1
0.9857142857142858 0.04285714285714287
0.8868772893772894 0.0914557285271281
0.9078321678321677 0.08363954694017078
0.8717748917748918 0.1050578625144997
0.9047619047619048 0.07386326768377618
0.9201851090086384 0.0548819724855132
0.8952156177156176 0.07331444453039072
0.8998285048285048 0.08050278747449263
0.9127106227106226 0.06976998953976499
0.9086630036630037 0.07240795875067853
0.9245720945720948 0.0497236035908012
0.9015501165501167 0.07801854790457569
0.7861904761904762 0.2084980301380053
0.9412698412698413 0.104581374031931
0.9714285714285715 0.05714285714285716
1.0 0.0
0.8990598290598291 0.10349185101227945
0.5628427128427128 0.27767570883878906
0.8622785547785548 0.16072788042987834
0.7565409590409591 0.20359609627789022
0.5683116883116882 0.3695982511628099
0.8721153846153846 0.14808324410018964
0.7523654123654123 0.19111682730053683
0.8046608946608946 0.19249375364620597
0.81992562992563 0.16153122729719346
0.7602997002997003 0.21606133554170942
0.8216239316239315 0.14465318957878007
0.6131746031746033 0.36681165964401086
0.8463120213120211 0.1556949300019074
0.8941991341991342 0.09803569143639668
0.846474358974359 0.16029723838890203
0.6622211122211122 0.29597640874333875
0.9766666666666666 0.051747248987533426
0.8541200466200467 0.2062699570996328
0.6922041847041848 0.29802711124105513
0.8722644022644023 0.1729750659278991
0.8503860028860029 0.18847064029681995
0.810108225108225 0.22086434251598613
0.6718181818181818 0.30667837809859705
0.8771095571095572 0.16709488405915435
0.8916666666666666 0.1412248010954324
0.9717424242424244 0.04510986740992535
0.7595526695526695 0.18352260103930904
0.9555555555555555 0.10183501544346311
0.9888888888888889 0.03333333333333331
0.9888888888888889 0.03333333333333331
0.9555555555555555 0.10183501544346311
0.9666666666666666 0.1
1.0 0.0
0.8097186147186146 0.20086786389633204
0.47852813852813847 0.3519239407511752
0.4864646464646465 0.3026152919834831
0.6888095238095238 0.22022728416193663
0.45944444444444443 0.3531869892602445
0.31653679653679656 0.29592617638256635
0.8881313131313131 0.15353888386425038
0.4480519480519479 0.3280284998686445
1.0 0.0
0.9856410256410257 0.028809378267052606
0.9933333333333334 0.019999999999999997
0.9765501165501165 0.03623133544260305
0.9797586726998493 0.031184448867178163
0.9842424242424244 0.031977953838237386
1.0 0.0
0.9400000000000001 0.18
0.9564253393665159 0.05201588560161588
0.9933333333333334 0.019999999999999997
0.9933333333333334 0.019999999999999997
0.9947368421052631 0.015789473684210513
1.0 0.0
1.0 0.0
0.7235714285714285 0.2187276389607666
0.7192857142857142 0.2844983052924669
0.66 0.24846193538112296
0.8702741702741703 0.18920654509875606
0.7905844155844155 0.2140019821255554
0.7669841269841269 0.21619904185534347
0.965909090909091 0.07690420143494836
0.8365079365079365 0.16284159398529124
0.8614646464646464 0.19034201090188163
0.7095238095238097 0.24319304501333328
0.780952380952381 0.14474937289114917
0.9857142857142858 0.04285714285714287
0.8299999999999998 0.11887225178694125
0.9888888888888889 0.03333333333333331
0.8927272727272728 0.15683508911931462
0.9746031746031747 0.051287283877471466
0.9746031746031747 0.051287283877471466
0.7818315018315019 0.25747091978984415
0.9832167832167832 0.03371180641452855
0.9888888888888889 0.03333333333333331
0.9888888888888889 0.03333333333333331
1.0 0.0
1.0 0.0
1.0 0.0
1.0 0.0
1.0 0.0
0.990909090909091 0.02727272727272728
0.9229548229548229 0.13780928604803686
0.9746031746031747 0.051287283877471466
0.9380952380952381 0.10658585374094952
0.990909090909091 0.02727272727272728
1.0 0.0
0.9492063492063492 0.06301407378183876
0.9923076923076923 0.023076923076923096
0.990909090909091 0.02727272727272728
0.9832167832167832 0.03371180641452855
0.9718610251117991 0.03757413773084385
0.990909090909091 0.02727272727272728
0.9856410256410257 0.028809378267052602
0.9833333333333332 0.050000000000000024
0.990909090909091 0.02727272727272728
0.9856410256410257 0.028809378267052602
0.9412698412698413 0.104581374031931
0.9607159610255585 0.0285178735672794
0.9888888888888889 0.03333333333333331
1.0 0.0
1.0 0.0
1.0 0.0
1.0 0.0
1.0 0.0
1.0 0.0
1.0 0.0
0.990909090909091 0.02727272727272728
0.9923076923076923 0.023076923076923096
1.0 0.0
1.0 0.0
1.0 0.0
0.990909090909091 0.02727272727272728
1.0 0.0
0.788021978021978 0.23437934671285843
0.6135281385281386 0.3550421789577116
0.7560606060606061 0.29700061681953555
0.6291486291486291 0.35332075237145816
0.9923076923076923 0.023076923076923096
0.9933333333333334 0.019999999999999997
0.9923076923076923 0.023076923076923092
1.0 0.0
0.9933333333333334 0.019999999999999997
0.987450980392157 0.025159239109561474
0.987450980392157 0.025159239109561474
0.9659090909090908 0.07690420143494836
0.9833333333333332 0.050000000000000024
0.9655122655122655 0.053966903548938634
0.9833333333333332 0.050000000000000024
0.9856410256410257 0.028809378267052606
0.9941176470588236 0.017647058823529415
0.974242424242424 0.05422887929749481
0.9857142857142858 0.04285714285714287
0.9857142857142858 0.04285714285714287
0.9857142857142858 0.04285714285714287
0.9857142857142858 0.04285714285714287
0.7711399711399712 0.16306580328458142
1.0 0.0
0.9755701754385966 0.04107476629991697
0.9868902691511388 0.02009796615354707
0.9772079772079773 0.030631749414736432
0.9753043478260871 0.03698914161417508
0.9879999999999999 0.018330302779823327
0.9875343915343915 0.019197400512698276
1.0 0.0
0.9857142857142858 0.04285714285714287
1.0 0.0
0.9833333333333332 0.050000000000000024
0.9833333333333332 0.050000000000000024
0.9797586726998493 0.031184448867178163
0.9727272727272727 0.08181818181818182
0.9797979797979798 0.04065578140908708
0.43952380952380954 0.30250691039875816
0.9866666666666667 0.026666666666666658
0.9866666666666667 0.026666666666666658
0.9545437122217308 0.04584034226866753
0.9402579979360166 0.05137431842669077
0.933338733858877 0.07219127276801386
0.9510242516104587 0.04534577168535766
0.8758682983682984 0.1302356745790222
1.0 0.0
1.0 0.0
1.0 0.0
1.0 0.0
0.9632167832167833 0.06375858546424922
0.9857142857142858 0.04285714285714287
1.0 0.0
1.0 0.0
1.0 0.0
1.0 0.0
1.0 0.0
0.9857142857142858 0.04285714285714287
0.9857142857142858 0.04285714285714287
0.7081746031746031 0.21200492549790947
0.8636868686868688 0.17596679321698708
0.40987012987012994 0.2654072130464668
0.9857142857142858 0.04285714285714287
0.9857142857142858 0.04285714285714287
0.9888888888888889 0.03333333333333331
0.9732142857142858 0.053720031987469004
0.9798076923076924 0.041790988100193695
0.9798076923076924 0.041790988100193695
0.9894736842105264 0.021052631578947344
0.9723529411764705 0.05787768991260258
0.9723529411764705 0.05787768991260258
0.967124183006536 0.042962659144170495
0.9688544891640868 0.06043993899951409
0.9722368421052632 0.04548313285121437
0.985645933014354 0.029956891564590485
0.9575000000000001 0.06896557112066855
0.9587208216619982 0.05401328007768358
0.9436868686868687 0.0798399231285383
0.9457070707070707 0.0786748898442891
0.9593650793650793 0.04513187194718708
0.962687969924812 0.03747800876528019
0.9857142857142858 0.04285714285714287
0.5781746031746031 0.34100234071320107
0.7647571872571872 0.2444317465441033
0.623015873015873 0.2643286108473157
0.8821178821178821 0.20436884543248807
0.7972943722943723 0.2965778915816285
0.4714285714285714 0.33073819722257786
0.4226190476190476 0.3225839024961721
0.6814285714285715 0.2087914690570963
0.6958730158730159 0.3105682013821611
0.765487012987013 0.1672009234498907
0.7666233766233767 0.17969836715378615
0.3945887445887446 0.3545399705689871
0.6310786435786435 0.2990345895422609
0.6168181818181818 0.3273784165047935
0.8366883116883116 0.1446597296394524
0.9714285714285715 0.05714285714285716
0.6933333333333334 0.22199058221939125
0.9603749191984485 0.06462640424426824
0.7218614718614719 0.2119488654031867
0.7583333333333333 0.23821723065217557
0.9111111111111111 0.12957670877434005
0.9923076923076923 0.023076923076923096
0.990909090909091 0.02727272727272728
0.9797979797979798 0.04065578140908708
0.9621878224974202 0.06031345412470432
0.9833333333333334 0.04999999999999999
0.9846153846153847 0.030769230769230792
0.9355701754385966 0.13952090809270792
0.980952380952381 0.023328473740792194
0.9822134387351777 0.029801952167817093
0.968888888888889 0.06531972647421803
0.9857142857142858 0.04285714285714287
1.0 0.0
1.0 0.0
0.5257503607503607 0.2646164708030346
0.9857142857142858 0.04285714285714287
0.4620129870129869 0.2786742738941914
0.3353968253968254 0.2985359843268809
1.0 0.0
0.40714285714285714 0.2656208232964944
0.38047619047619047 0.29059677434681025
0.8122582972582972 0.247626822655326
0.4051082251082251 0.26715911409032017
0.8108791208791208 0.2563870240652428
0.4984126984126983 0.2749699358265656
0.8694444444444445 0.19722222222222224
0.9888888888888889 0.03333333333333331
0.9323809523809523 0.11215877957937442
0.9474592074592074 0.06267789165203848
0.990909090909091 0.02727272727272728
0.975686274509804 0.02985547656576358
0.9815686274509805 0.028227123000671542
0.9655122655122655 0.053966903548938634
0.990909090909091 0.02727272727272728
0.9488888888888889 0.10088497300281038
0.975 0.049999999999999954
0.9565686274509805 0.048736042570607395
0.9647058823529413 0.08803899733585745
0.9816176470588236 0.03963092052415251
0.8247979797979799 0.17749409902373117
0.7701948051948052 0.228036647491339
0.7769408369408369 0.210173668418162
0.9857142857142858 0.04285714285714287
0.6933333333333334 0.331073823403799
0.6563852813852813 0.3599929729776919
0.6651948051948052 0.3245746568322899
0.40161616161616165 0.3280198480460782
0.4844444444444445 0.3277099741547301
0.8050793650793651 0.20462379986428625
0.7178571428571427 0.24300940604958363
0.6704761904761904 0.3186479372858201
0.7307936507936508 0.2601075421522892
0.9777777777777779 0.044444444444444425
0.9777777777777779 0.044444444444444425
0.9830065359477125 0.035941770156516374
0.9658119658119657 0.07342472340141717
0.9708771929824561 0.050337121417017405
0.9822222222222223 0.03691832827963587
1.0 0.0
0.9947368421052631 0.015789473684210513
0.9933333333333334 0.019999999999999997
0.8042857142857143 0.21663474385448414
0.6333333333333332 0.30322342331100416
0.7871428571428571 0.2621561564032705
0.6746392496392497 0.3318768603357898
0.39452380952380955 0.2561755394831412
0.4538095238095238 0.3145312893382614
0.9646946838217698 0.025221251037152795
0.9691407159149094 0.03864292020735312
0.9576297967761382 0.040790142648352186
0.9638665064788299 0.02862053591116076
1.0 0.0
1.0 0.0