10
14
4
9
3
11
3
13
11
6
5
7
10
7
4
7
9
11
3
2
4
11
11
11
10
11
11
11
9
5
11
11
11
2
11
16
3
8
9
6
8
11
11
11
9
4
4
2
11
9
11
11
9
6
9
3
2
2
11
11
11
8
11
16
15
10
1
11
11
15
5
4
6
1
7
11
11
10
11
4
11
10
9
11
11
8
10
9
7
9
11
8
11
4
8
10
5
5
2
9
12
20
11
7
3
11
9
1
8
9
4
10
11
10
10
10
11
11
10
10
11
14
5
19
25
8
11
6
11
12
11
4
6
6
11
18
4
8
11
11
11
9
11
12
10
12
8
3
4
11
10
11
15
8
8
8
11
8
9
5
12
11
8
7
9
1
15
11
11
6
9
11
12
11
16
11
10
8
5
8
11
11
11
7
7
9
8
11
3
6
7
11
9
10
8
9
9
9
7
9
11
7
12
