19
7
6
6
6
8
7
11
22
12
2
8
11
2
11
6
11
11
11
6
11
8
6
6
6
11
11
3
11
13
6
6
25
8
3
6
6
5
2
11
33
39
9
12
10
11
3
25
6
10
6
7
11
9
6
6
10
7
11
22
11
23
17
4
18
35
2
9
1
19
2
11
7
1
11
14
7
17
9
6
11
14
11
18
11
11
11
1
6
11
31
23
3
7
10
11
6
11
9
12
25
11
19
5
11
5
5
7
11
25
31
1
7
11
4
2
25
8
5
11
7
11
6
6
11
9
6
11
20
14
11
11
11
11
11
25
8
11
16
2
1
7
21
11
11
15
11
12
9
3
19
6
1
11
11
11
11
11
11
6
18
18
6
21
11
7
10
8
5
9
25
9
11
20
11
11
8
7
33
20
5
7
11
17
11
3
6
20
14
11
6
6
6
6
19
11
12
10
39
17
21
18
15
15
11
11
21
11
11
6
6
16
11
16
11
6
17
17
3
18
15
7
11
19
4
16
11
29
13
4
8
7
7
12
1
11
4
20
6
41
6
5
11
11
5
6
1
6
5
4
11
4
11
3
6
6
32
16
32
12
5
11
11
11
1
2
20
11
8
30
11
1
16
18
18
10
4
4
17
10
11
29
6
8
26
11
11
3
18
17
24
8
18
4
4
9
4
35
8
7
26
