11
2
11
11
3
5
4
11
9
14
1
11
5
11
4
11
1
10
9
11
7
11
11
11
11
17
11
4
4
2
11
1
7
6
7
7
3
11
11
6
4
19
6
4
15
11
11
11
11
11
4
11
1
1
11
11
11
9
15
11
7
11
9
28
11
11
11
3
11
7
3
10
2
11
7
1
6
7
4
11
14
11
11
11
10
25
4
11
1
11
11
11
2
9
3
26
1
11
2
11
2
20
3
1
11
11
9
11
5
2
8
6
4
7
11
11
11
11
8
7
6
11
17
14
6
8
1
7
11
14
8
1
2
6
1
13
15
8
11
3
6
5
11
9
11
11
11
8
1
1
14
1
11
6
2
1
1
2
4
1
10
1
11
2
12
5
11
11
1
3
3
8
5
5
7
6
12
12
11
23
11
1
9
1
13
11
4
6
1
1
11
4
3
2
11
11
16
16
9
10
6
6
11
2
6
7
11
7
9
1
13
24
1
5
8
9
9
11
15
6
3
7
10
2
11
9
11
6
8
11
12
1
11
1
3
11
2
3
3
14
11
11
8
11
4
11
11
11
11
11
3
1
11
1
5
11
9
11
2
2
6
11
11
11
2
1
8
11
14
11
11
2
11
7
11
10
11
1
9
6
11
1
12
11
9
11
6
1
5
9
9
7
9
10
5
7
5
7
11
2
2
