9
14
11
11
12
4
10
1
10
12
9
11
3
7
11
11
11
11
6
11
6
11
6
11
6
11
8
11
10
2
6
6
6
11
8
7
15
11
7
4
17
7
8
9
11
11
2
1
2
14
7
11
5
11
11
11
11
11
11
26
1
11
14
2
4
1
5
10
9
12
5
6
11
7
11
5
7
10
11
8
11
1
11
9
11
11
6
4
8
4
1
3
2
11
6
11
1
11
11
10
11
8
20
11
10
5
6
11
9
20
13
3
11
11
4
2
10
11
14
11
11
18
11
3
6
4
11
17
9
27
11
16
11
11
7
22
11
11
3
6
11
11
6
11
9
11
11
12
2
2
8
6
6
6
11
11
6
6
11
11
9
11
11
11
6
11
2
10
8
4
21
10
11
3
11
2
1
53
9
10
12
9
12
11
11
11
2
11
11
11
7
11
9
6
1
2
6
1
37
26
11
12
11
18
11
9
40
8
8
11
11
3
11
3
8
9
9
12
11
12
23
11
6
11
5
10
10
9
11
3
6
12
9
21
11
1
7
17
11
1
7
4
11
11
6
11
11
11
11
11
11
11
11
11
4
3
14
23
22
11
11
11
6
11
11
11
4
10
11
11
11
4
10
7
11
11
1
11
48
11
3
11
8
6
11
11
4
11
17
9
48
38
12
7
2
9
7
26
11
4
6
