11
11
12
4
49
11
8
1
8
11
11
11
11
11
3
7
7
8
11
7
12
9
10
11
3
6
13
5
11
11
13
11
8
4
8
6
6
5
11
10
11
11
11
11
11
12
8
11
12
18
13
8
7
16
11
11
15
4
6
16
3
11
11
11
8
25
5
8
10
29
2
5
11
8
1
9
9
4
9
11
6
2
10
3
12
14
8
4
12
11
12
33
11
9
8
1
11
11
7
11
37
12
19
11
11
4
11
12
11
12
11
11
11
6
8
11
11
3
18
10
27
18
8
10
13
12
15
16
11
23
11
21
5
5
5
28
22
4
4
3
3
10
32
11
29
11
11
12
9
6
11
13
11
10
11
13
8
8
8
12
29
21
11
11
8
29
11
11
11
11
11
9
12
6
9
11
33
31
29
26
12
10
9
11
11
6
12
7
11
11
11
8
1
3
7
11
7
10
26
29
26
23
29
11
11
8
18
11
8
16
12
7
36
11
11
8
30
26
30
29
10
11
8
10
4
26
20
32
7
7
7
12
15
8
17
4
11
13
8
43
12
15
11
11
13
10
11
9
9
12
11
9
11
17
18
7
11
13
11
11
11
6
10
11
6
6
13
7
11
11
6
5
10
10
14
12
11
12
29
15
17
11
9
8
18
11
13
17
22
32
26
20
26
2
11
10
16
11
3
11
10
