2
12
11
11
4
3
7
1
12
7
2
5
11
4
1
3
4
11
11
3
11
1
11
9
2
6
1
4
13
9
11
1
2
9
7
3
11
2
3
11
10
11
5
13
1
7
2
9
2
4
2
1
7
2
11
12
11
4
4
1
2
11
9
11
11
9
7
1
2
34
4
3
11
2
2
4
5
11
2
11
4
1
11
14
11
11
11
3
12
2
11
5
2
7
1
1
11
11
2
11
1
11
10
8
11
11
10
11
2
15
10
4
2
2
13
2
10
10
13
2
11
14
3
7
11
3
2
11
1
9
11
7
1
2
1
35
7
4
6
2
2
1
7
1
39
11
1
5
2
2
3
11
11
11
11
11
11
11
11
11
35
19
4
12
11
4
3
13
3
11
3
7
4
11
11
2
7
28
38
31
12
14
7
11
11
1
2
7
16
5
3
11
11
11
2
3
7
2
29
36
11
11
28
7
7
7
11
11
7
2
8
2
13
21
7
7
28
34
13
11
11
7
11
11
4
11
3
38
7
7
7
8
11
2
11
4
8
11
2
11
3
2
10
3
9
11
11
1
1
11
11
2
5
2
4
2
1
6
6
4
6
3
1
11
5
2
11
5
6
5
3
2
6
11
2
7
6
9
11
11
3
10
7
2
33
11
11
11
14
28
37
2
11
2
6
6
11
7
1
11
4
